0 0.416266 0.796748 0.417945 0.796055 0.418922 0.795176 0.422281 0.793779 0.428305 0.790977 0.430266 0.789053 0.426063 0.788174 0.421305 0.789229 0.413180 0.789229 0.406039 0.789053 0.401281 0.791504 0.396523 0.792725 0.396523 0.796055 0.400578 0.798672 0.405484 0.800078 0.410523 0.800771 0.416680 0.799199
0 0.682805 0.919199 0.686289 0.926816 0.686867 0.931172 0.687164 0.936982 0.686289 0.940244 0.688031 0.943506 0.690937 0.944961 0.691805 0.946055 0.692969 0.940605 0.688609 0.930811 0.686578 0.922100
0 0.668016 0.821318 0.669141 0.827402 0.670641 0.831855 0.671578 0.840527 0.674766 0.848496 0.675516 0.853418 0.675328 0.857861 0.668953 0.857627 0.663141 0.854355 0.668203 0.848965 0.668766 0.842637 0.667266 0.837246 0.665016 0.835371 0.662016 0.832559 0.664078 0.828105 0.664453 0.823662 0.667078 0.819912
0 0.351211 0.828760 0.354352 0.827852 0.357500 0.827246 0.359070 0.827695 0.361375 0.827852 0.361617 0.825576 0.358953 0.824971 0.355930 0.825430 0.352297 0.825576 0.348180 0.827246 0.349391 0.828457
0 0.417805 0.835605 0.415844 0.835605 0.414445 0.837529 0.415000 0.839102 0.421023 0.839453 0.423820 0.838408 0.422000 0.835430
0 0.403383 0.844531 0.399742 0.844883 0.399883 0.847676 0.405062 0.847676 0.412484 0.848555 0.415984 0.848906 0.418641 0.845928 0.415000 0.844531 0.405344 0.844531
0 0.254914 0.756924 0.245195 0.760322 0.244813 0.763232 0.246750 0.768096 0.255305 0.771016 0.261133 0.771494 0.264242 0.770527 0.267352 0.765186 0.267352 0.760811 0.260742 0.758379 0.254523 0.758379
0 0.261492 0.777627 0.262953 0.778936 0.266406 0.780371 0.269234 0.781289 0.272055 0.781943 0.279375 0.784160 0.281156 0.785342 0.284500 0.787168 0.287117 0.786123 0.289312 0.784941 0.293703 0.785342 0.294539 0.786904 0.291820 0.788740 0.290250 0.789912 0.287328 0.792656 0.283977 0.791094 0.283453 0.789648 0.278328 0.789648 0.276445 0.789258 0.274148 0.788350 0.270906 0.787295 0.269961 0.786250 0.264422 0.785078 0.260969 0.785078 0.257938 0.784160 0.261180 0.782197 0.257414 0.780371 0.251555 0.779590 0.255109 0.777891 0.256578 0.777490 0.259922 0.777363
0 0.258250 0.791875 0.262328 0.791484 0.265570 0.791348 0.270172 0.791484 0.272578 0.792002 0.275719 0.792402 0.276656 0.793838 0.274672 0.795801 0.269125 0.796055 0.265883 0.795537 0.259820 0.794229 0.258562 0.792920
0 0.243297 0.787822 0.248211 0.787822 0.251031 0.788086 0.251867 0.789785 0.252703 0.789912 0.246430 0.790830 0.241727 0.791094 0.237750 0.790957 0.236391 0.790439 0.235453 0.789395 0.237227 0.788213 0.240891 0.788213
0 0.224367 0.750957 0.225930 0.751348 0.227813 0.752266 0.230328 0.753047 0.231687 0.753311 0.233570 0.754092 0.235555 0.755010 0.235656 0.752783 0.233672 0.750693 0.232313 0.749775 0.229594 0.748994 0.223109 0.748994 0.222273 0.748994
0 0.247586 0.810439 0.244547 0.811748 0.241828 0.813057 0.239219 0.815410 0.237438 0.816846 0.237648 0.818545 0.243711 0.817500 0.246430 0.817109 0.247898 0.813838 0.248312 0.812012
0 0.227711 0.817363 0.222484 0.816582 0.219656 0.817891 0.221016 0.820771 0.224367 0.821816 0.224781 0.824824 0.229594 0.824170 0.231891 0.820371 0.230641 0.816846 0.223008 0.816318
0 0.252078 0.819463 0.247898 0.819980 0.245070 0.821816 0.240891 0.823770 0.238484 0.826387 0.236813 0.828477 0.241828 0.829658 0.245594 0.827568 0.251344 0.826260 0.256680 0.826260 0.262328 0.826123 0.263063 0.822861 0.262430 0.820371 0.261703 0.819199
0 0.225617 0.830313 0.221852 0.830313 0.218922 0.832402 0.220703 0.835801 0.219344 0.840635 0.222797 0.842988 0.225828 0.844951 0.228969 0.846523 0.231789 0.847568 0.235656 0.849141 0.238898 0.849531 0.237648 0.845996 0.228547 0.843779 0.227609 0.840898 0.230852 0.839463 0.236391 0.840117 0.239008 0.839854 0.242977 0.837500 0.246742 0.835801 0.247688 0.833574 0.247266 0.832012
0 0.239320 0.847441 0.242141 0.848350 0.246117 0.848740 0.250930 0.850703 0.251141 0.851494 0.254797 0.853447 0.257828 0.853838 0.260133 0.855020 0.260969 0.856191 0.266195 0.856455 0.271844 0.857500 0.277281 0.852012 0.280945 0.850576 0.285648 0.849658 0.287641 0.850576 0.283141 0.852275 0.278016 0.855283 0.276969 0.858682 0.272055 0.859854 0.268187 0.861689 0.266828 0.863252 0.264633 0.863125 0.256789 0.864697 0.247477 0.866396 0.245492 0.865088 0.252703 0.863252 0.258352 0.862861 0.260555 0.861953 0.256680 0.860244 0.253023 0.859336 0.253023 0.857246 0.247688 0.855801 0.247063 0.853320 0.243820 0.852275 0.238484 0.851230
0 0.164344 0.869912 0.167266 0.868730 0.169672 0.867559 0.173961 0.868604 0.178039 0.867686 0.180344 0.867295 0.180445 0.865332 0.173336 0.864551 0.168734 0.863770 0.170508 0.861416 0.172914 0.860371 0.176367 0.859316 0.177313 0.857490 0.172812 0.856182 0.169469 0.855918 0.165180 0.854873 0.156500 0.856182 0.158797 0.859189 0.161625 0.860498 0.160266 0.865859 0.159422 0.867295 0.156391 0.869775 0.159844 0.873574
0 0.138930 0.875400 0.144055 0.876318 0.148234 0.878018 0.150016 0.882988 0.149383 0.888867 0.147187 0.892002 0.143531 0.894619 0.139766 0.896191 0.140180 0.898408 0.139242 0.901943 0.139445 0.903896 0.135266 0.907041 0.130977 0.907168 0.130242 0.910830 0.135789 0.909912 0.143422 0.910703 0.147500 0.910830 0.151898 0.911221 0.146562 0.913057 0.136523 0.912920 0.131078 0.912920 0.123031 0.916709 0.124391 0.919326 0.129930 0.921816 0.124828 0.925107 0.121055 0.925107 0.115727 0.924229 0.110969 0.922646 0.105648 0.920723 0.115586 0.919326 0.118531 0.918447 0.115031 0.914424 0.111945 0.912324 0.109703 0.909170 0.109422 0.905322 0.112641 0.903223 0.118805 0.900781 0.123430 0.899551 0.126508 0.898838 0.130289 0.896924 0.132805 0.892725 0.135461 0.891846 0.138828 0.890801 0.142609 0.888701 0.144570 0.883965 0.136586 0.880996 0.133508 0.879951 0.133930 0.876621
0 0.224055 0.867109 0.220133 0.867461 0.210609 0.873232 0.202352 0.877256 0.194086 0.882510 0.186672 0.887236 0.175047 0.893359 0.174766 0.897207 0.170844 0.901582 0.162727 0.902109 0.160203 0.906836 0.161328 0.911035 0.164547 0.912959 0.176445 0.915234 0.179672 0.912783 0.184008 0.910508 0.184148 0.907012 0.190727 0.907363 0.202914 0.904736 0.205430 0.901934 0.206555 0.897734 0.209492 0.896338 0.212148 0.893184 0.212430 0.891963 0.210750 0.890908 0.223352 0.892832 0.226016 0.894590 0.228531 0.897383 0.234273 0.897734 0.240570 0.895811 0.244078 0.894414 0.249117 0.894238 0.249258 0.890732 0.252617 0.887588 0.256672 0.885312 0.260594 0.881982 0.262555 0.881113 0.269555 0.881279 0.273336 0.881455 0.275578 0.879180 0.279641 0.877607 0.280336 0.873584 0.277117 0.871836 0.267039 0.872529 0.260594 0.872012 0.252898 0.877080 0.250516 0.878838 0.243234 0.879707 0.240156 0.880059 0.237773 0.884609 0.232172 0.884785 0.229094 0.884785 0.224609 0.882334 0.223914 0.886709 0.216211 0.888457 0.213695 0.888281 0.211453 0.888633 0.205852 0.890908 0.207109 0.887588 0.209914 0.883906 0.215648 0.880938 0.220695 0.879180 0.226992 0.877080 0.229375 0.874111 0.227836 0.871309 0.227555 0.869033
0 0.274039 0.865010 0.275016 0.866230 0.278375 0.868330 0.282297 0.868857 0.285102 0.868682 0.290422 0.873936 0.297977 0.873232 0.303297 0.871484 0.305117 0.868682 0.304000 0.866582 0.293922 0.866406 0.288180 0.867461 0.283422 0.865537 0.277539 0.863428 0.273336 0.862910
