0 0.797672 0.137021 0.679742 0.178301 0.636609 0.184199 0.584719 0.188408 0.533500 0.202725 0.486328 0.211152 0.441180 0.225469 0.433766 0.238955 0.454656 0.249062 0.483633 0.250742 0.507898 0.258320 0.546984 0.254951 0.575961 0.238955 0.594156 0.221260 0.639305 0.207783 0.691867 0.206943 0.730281 0.195146 0.768023 0.191777 0.811148 0.190088 0.867758 0.178301 0.919648 0.160605 0.971539 0.147969 0.976258 0.142080 0.958734 0.132812 0.915609 0.137861 0.860344 0.139551 0.813172 0.135342 0.788242 0.132812
0 0.034813 0.465547 0.048289 0.482402 0.069187 0.486611 0.073898 0.505986 0.066484 0.521143 0.035492 0.516094 0.004492 0.505986 0.000000 0.505986 0.000000 0.499443 0.011227 0.479033 0.024703 0.460498
0 0.321898 0.790713 0.304375 0.799131 0.290898 0.810088 0.295617 0.826084 0.322570 0.828613 0.338742 0.821875 0.352227 0.820195 0.355594 0.802500 0.348180 0.790713 0.314484 0.790713
0 0.366375 0.544736 0.379852 0.548945 0.416242 0.553154 0.423656 0.554004 0.403438 0.540518 0.383227 0.525361 0.350203 0.501777 0.344813 0.493350 0.296289 0.489980 0.299656 0.499248 0.316508 0.506826 0.338070 0.515254 0.365023 0.525361 0.375812 0.545576
0 0.250461 0.515254 0.244398 0.506826 0.233617 0.495029 0.217445 0.477344 0.208008 0.466396 0.188461 0.463867 0.185094 0.482402 0.199922 0.489980 0.210703 0.498398 0.224852 0.504297 0.245750 0.508516
0 0.443875 0.558213 0.468133 0.569160 0.490375 0.567480 0.508570 0.560742 0.505195 0.542207 0.481609 0.542207 0.447242 0.546416 0.425680 0.549785
0 0.530805 0.485771 0.528789 0.490820 0.531484 0.503457 0.544289 0.505986 0.554391 0.489980 0.544961 0.485771
0 0.641328 0.431016 0.655477 0.431016 0.675023 0.431016 0.689172 0.431855 0.693219 0.423428 0.687156 0.415010 0.676367 0.410791 0.646719 0.410791 0.639977 0.414170 0.639977 0.415850 0.642000 0.411641
0 0.864852 0.448262 0.899828 0.447324 0.915992 0.441680 0.921258 0.431816 0.866734 0.403145 0.844172 0.399375 0.851320 0.411133 0.874633 0.414893 0.884781 0.422412 0.867109 0.437920 0.864477 0.444971
0 0.803625 0.204434 0.671070 0.204434 0.625070 0.221006 0.561133 0.246348 0.540859 0.271689 0.547094 0.313594 0.550211 0.338936 0.614930 0.353555 0.692906 0.357451 0.767758 0.362324 0.846508 0.362324 0.923703 0.368174 0.964250 0.375000 1.000000 0.346152 1.000000 0.178896 0.936961 0.163496 0.837156 0.184941
