0 0.192297 0.794160 0.199813 0.788984 0.220875 0.781465 0.228016 0.775361 0.237414 0.763604 0.233656 0.751387 0.215609 0.756084 0.199437 0.765020 0.182891 0.765957 0.179133 0.775830 0.178008 0.786172 0.184773 0.794160
0 0.585617 0.838809 0.591633 0.835049 0.589375 0.820947 0.577344 0.817666 0.570578 0.823301 0.572836 0.835049 0.584867 0.843984
0 0.616078 0.842100 0.638258 0.843516 0.640516 0.843516 0.664961 0.846807 0.676242 0.848682 0.683383 0.840693 0.685266 0.835996 0.661578 0.835996 0.651422 0.837402 0.632617 0.827998 0.621719 0.822832 0.613070 0.827061 0.614195 0.837402
0 0.826852 0.069209 0.813375 0.072578 0.787094 0.089424 0.735875 0.095322 0.688703 0.106279 0.630750 0.133232 0.558641 0.138281 0.508094 0.146709 0.470359 0.149238 0.412406 0.161875 0.365227 0.165244 0.330859 0.182090 0.326141 0.195566 0.341641 0.203994 0.363211 0.218311 0.409711 0.220000 0.462945 0.183779 0.514836 0.182930 0.556617 0.178721 0.655008 0.153447 0.689375 0.141660 0.773617 0.127334 0.830227 0.123965 0.836289 0.091113 0.827523 0.089424 0.834266 0.078477
0 0.969719 0.301709 0.957594 0.305078 0.917828 0.291602 0.918508 0.315186 0.960961 0.336240 0.984547 0.340459 0.992633 0.342988 1.000000 0.326992 1.000000 0.312920 0.981180 0.305078 0.965680 0.305078
0 0.958266 0.166084 0.985891 0.166084 0.992633 0.161875 1.000000 0.146748 1.000000 0.141416 0.985891 0.134072 0.959609 0.133232 0.925242 0.139971 0.902328 0.141660 0.935352 0.157656 0.956242 0.165244
0 0.540445 0.388477 0.560664 0.393525 0.578859 0.390996 0.556617 0.377520 0.540445 0.371621 0.518203 0.386787 0.529664 0.386787 0.547859 0.386787
0 0.338945 0.524092 0.364555 0.524941 0.351750 0.508936 0.329516 0.508936 0.315359 0.508936 0.325469 0.527461 0.338945 0.531680
0 0.254039 0.508096 0.271555 0.511455 0.285031 0.511455 0.277625 0.500508 0.257406 0.500508 0.246625 0.506406 0.250664 0.517354
0 0.398250 0.466816 0.431945 0.471025 0.435992 0.468496 0.433969 0.455859 0.412406 0.448281 0.390164 0.449121
0 0.550555 0.241055 0.575484 0.234316 0.568750 0.228418 0.547180 0.228418 0.543813 0.242744
0 0.656352 0.252002 0.646250 0.251162 0.632094 0.252012 0.638164 0.267168 0.658375 0.262119 0.658375 0.249482
0 0.599750 0.316865 0.593008 0.321924 0.603789 0.329502 0.617945 0.321924 0.613227 0.316875
0 0.273102 0.304971 0.274789 0.304971 0.287430 0.304971 0.293609 0.298994 0.281531 0.293027 0.268609 0.292324 0.261305 0.295840 0.260461 0.302510 0.265797 0.306719
0 0.310461 0.298301 0.297820 0.300752 0.296695 0.306719 0.300625 0.311992 0.308211 0.309531 0.311859 0.304971 0.312141 0.299346
0 0.324781 0.299346 0.320852 0.306016 0.327875 0.309883 0.334336 0.311289 0.339391 0.308125 0.328719 0.300049 0.321977 0.299697
0 0.771953 0.192998 0.780094 0.191943 0.785438 0.186328 0.783469 0.179307 0.771672 0.174043 0.768016 0.177900 0.770547 0.194756
0 0.340797 0.236504 0.350344 0.239307 0.350344 0.229482 0.334336 0.221758 0.330680 0.221758 0.323937 0.227021 0.328719 0.238604 0.335180 0.238252
0 0.872508 0.246719 0.891641 0.248145 0.902031 0.249512 0.906492 0.244258 0.910992 0.239346 0.894977 0.236182 0.878125 0.236182 0.870539 0.235127 0.868297 0.242852 0.867734 0.244961
0 0.882898 0.164209 0.894133 0.163467 0.900875 0.156836 0.896945 0.149775 0.881781 0.149463 0.878125 0.156484 0.877563 0.160693
