0 0.842555 0.527754 0.879094 0.527754 0.910406 0.522539 0.931281 0.514707 0.908320 0.502969 0.877008 0.502969 0.831078 0.497744 0.816461 0.513408 0.837336 0.529062
0 0.595172 0.262881 0.542977 0.266797 0.493914 0.273320 0.460516 0.299414 0.430242 0.313770 0.420852 0.325518 0.430242 0.339863 0.435461 0.358135 0.436508 0.365967 0.467820 0.369873 0.513750 0.352910 0.546109 0.339863 0.587859 0.324209 0.598305 0.308555 0.634836 0.292891 0.690156 0.281152 0.754875 0.281152 0.810203 0.272021 0.874914 0.256357 0.957383 0.242002 0.983477 0.223740 0.944852 0.214609 0.837336 0.222432 0.758008 0.228955 0.691203 0.235479 0.643188 0.239395 0.554461 0.260273
0 0.026281 0.549941 0.039852 0.561680 0.064898 0.579951 0.099344 0.592998 0.116047 0.599521 0.079516 0.611260 0.047156 0.595605 0.024188 0.591689 0.011664 0.578643 0.016883 0.555156
0 0.351953 0.867002 0.334211 0.867002 0.302898 0.885273 0.292453 0.895713 0.295586 0.908760 0.318555 0.904844 0.342562 0.904844 0.358219 0.878750 0.346734 0.853955
0 0.694336 0.937461 0.684937 0.934854 0.684937 0.963555 0.709992 0.964863 0.717297 0.970078 0.726695 0.983135 0.764273 0.985742 0.783062 0.979219 0.807070 0.971387 0.814375 0.951816 0.778883 0.946592 0.753836 0.945293
0 0.676586 0.506875 0.697469 0.506885 0.695375 0.500352 0.679719 0.495137 0.639008 0.484697 0.629617 0.487305 0.629617 0.502969 0.660930 0.513408
0 0.791414 0.376396 0.786195 0.372490 0.778883 0.365967 0.753836 0.367266 0.744437 0.373789 0.753836 0.385537 0.760094 0.385537 0.785148 0.385537
0 0.640914 0.441826 0.662664 0.443457 0.673977 0.443457 0.697469 0.442363 0.693992 0.433662 0.671805 0.428770 0.641781 0.428770 0.628297 0.428770 0.616984 0.430400 0.618719 0.436387 0.627422 0.442363
0 0.685070 0.330176 0.669406 0.327998 0.656789 0.327998 0.658094 0.342139 0.672016 0.344316 0.682898 0.341592
0 0.980922 0.346484 0.971781 0.346484 0.964391 0.353555 0.955688 0.371504 0.966562 0.381836 0.984398 0.382920 0.993102 0.371504 0.990930 0.355732 0.963086 0.341045
0 0.917398 0.402500 0.891734 0.409033 0.884336 0.409033 0.890859 0.423164 0.909133 0.424258 0.916531 0.421533 0.921312 0.406855
0 0.906086 0.442744 0.904781 0.446006 0.904781 0.457979 0.922188 0.460693 0.949594 0.446006 0.953508 0.431875 0.950031 0.426436 0.935242 0.423164 0.924359 0.441660 0.921312 0.444922
0 0.720750 0.365518 0.709000 0.364434 0.697688 0.364434 0.694641 0.373682 0.696820 0.379121 0.711172 0.381836 0.717266 0.373682
0 0.831687 0.281768 0.851703 0.284492 0.861711 0.282314 0.857797 0.270889 0.833867 0.261104 0.825164 0.263281 0.814289 0.275244 0.787750 0.279053 0.791664 0.287207 0.800797 0.291563 0.816898 0.299170 0.829953 0.295361
