0 0.162617 0.463262 0.164070 0.463262 0.166102 0.461084 0.169008 0.460723 0.173359 0.460000 0.177133 0.458545 0.180906 0.457822 0.184680 0.457100 0.192234 0.457100 0.189039 0.452744 0.182648 0.452373 0.177133 0.454551 0.172492 0.455684 0.162906 0.456367 0.162328 0.457822 0.160008 0.461084
0 0.210281 0.452520 0.210281 0.452520 0.213180 0.450400 0.216211 0.450400 0.218750 0.448584 0.216930 0.447070 0.212336 0.447070 0.208703 0.447373 0.207133 0.449492 0.207375 0.451758
0 0.352961 0.999434 0.351508 0.995078 0.345992 0.987100 0.341344 0.976572 0.332930 0.956250 0.328859 0.947539 0.325375 0.939551 0.322477 0.932656 0.320734 0.925039 0.316375 0.911250 0.312023 0.902178 0.305930 0.894189 0.302445 0.886934 0.299539 0.879678 0.297219 0.870605 0.294602 0.860801 0.291117 0.853545 0.285602 0.842656 0.282406 0.837217 0.277477 0.827773 0.271953 0.814707 0.267023 0.807090 0.260633 0.802012 0.251055 0.791123 0.247859 0.788945 0.245539 0.788945 0.247281 0.797656 0.248727 0.799473 0.255117 0.805635 0.257734 0.811445 0.260344 0.819063 0.265281 0.825967 0.269922 0.835039 0.272539 0.844834 0.276602 0.854268 0.279797 0.863340 0.284148 0.872412 0.287633 0.880039 0.291117 0.886934 0.294602 0.894189 0.298664 0.904717 0.302445 0.914150 0.305633 0.922861 0.309117 0.931572 0.313477 0.939922 0.319859 0.955527 0.323633 0.964600 0.326828 0.971494 0.330602 0.980928 0.334375 0.989277 0.336992 0.996895 0.338234 1.000000 0.345430 1.000000
0 0.024594 0.770439 0.024305 0.766445 0.030109 0.766445 0.032430 0.766807 0.026914 0.757734 0.026625 0.757734 0.022562 0.758096 0.021984 0.760635 0.019945 0.763174 0.020820 0.768623 0.021688 0.772246
0 0.014719 0.771885 0.014727 0.767900 0.015016 0.763174 0.017625 0.760273 0.017625 0.755918 0.011820 0.755918 0.010078 0.758818 0.010945 0.764629 0.012687 0.770801
0 0.219117 0.778418 0.219117 0.774795 0.219984 0.770439 0.223469 0.770439 0.219984 0.764268 0.217086 0.764268 0.214758 0.766084 0.214469 0.773340 0.216211 0.779512 0.217086 0.782051
0 0.237984 0.783867 0.237695 0.787852 0.238859 0.791484 0.241469 0.793301 0.242633 0.790762 0.242633 0.787490 0.240602 0.785312
0 0.219117 0.759189 0.216797 0.755195 0.214469 0.749746 0.212438 0.743213 0.211281 0.735596 0.210695 0.728340 0.208086 0.725439 0.206922 0.721084 0.206922 0.716357 0.206922 0.710557 0.208375 0.708740 0.215344 0.708018 0.221438 0.705840 0.219406 0.700391 0.216797 0.700029 0.213023 0.701484 0.206633 0.700391 0.204016 0.696035 0.205180 0.692773 0.206633 0.689141 0.208664 0.682969 0.206922 0.680068 0.206633 0.676807 0.202273 0.674990 0.199664 0.677529 0.199664 0.682607 0.200242 0.686963 0.197922 0.697852 0.198500 0.702568 0.202273 0.706201 0.202273 0.706201 0.200242 0.707285 0.197344 0.707285 0.195016 0.709102 0.195312 0.715635 0.196469 0.720713 0.199086 0.726162 0.201695 0.733418 0.201695 0.735596 0.204016 0.737412 0.208664 0.746846 0.210984 0.749385 0.211859 0.751201 0.212148 0.755195 0.213313 0.758096 0.213313 0.759912
0 0.203672 0.636221 0.201727 0.640068 0.203508 0.645332 0.204969 0.650596 0.206750 0.655459 0.209344 0.656270 0.210148 0.653232 0.210148 0.646348 0.208852 0.641885 0.206750 0.634600
0 0.191680 0.608477 0.194109 0.613135 0.195406 0.619814 0.196539 0.625283 0.194922 0.627109 0.195406 0.630752 0.196703 0.632373 0.196867 0.633789 0.196219 0.639258 0.198328 0.645127 0.198648 0.648975 0.201078 0.653232 0.201563 0.657480 0.201398 0.661123 0.202695 0.663154 0.198000 0.662949 0.195734 0.660518 0.193141 0.655459 0.192008 0.651201 0.192812 0.644521 0.193141 0.638447 0.191844 0.632373 0.192008 0.628115 0.191195 0.622451 0.189898 0.615566 0.188281 0.611309 0.188930 0.608477
0 0.117906 0.474912 0.120812 0.473428 0.123711 0.472373 0.127781 0.472705 0.129523 0.472705 0.132133 0.471650 0.135039 0.470527 0.137070 0.466934 0.130969 0.466934 0.127195 0.467256 0.123422 0.468711 0.115875 0.468711 0.114711 0.471650 0.115586 0.476689
0 0.303695 0.570352 0.306484 0.565059 0.309383 0.557041 0.310352 0.550078 0.312531 0.542969 0.313141 0.534355 0.312531 0.526338 0.314227 0.518467 0.315680 0.511660 0.316164 0.505156 0.318102 0.496992 0.320398 0.488213 0.321484 0.480957 0.323664 0.472178 0.320273 0.466279 0.318461 0.467344 0.315437 0.474600 0.314344 0.480049 0.314227 0.489424 0.311688 0.498652 0.309141 0.507578 0.309266 0.519678 0.308180 0.525273 0.306117 0.530264 0.305516 0.535557 0.305148 0.541914 0.305391 0.546602 0.304547 0.552803 0.302492 0.557793 0.300797 0.563545 0.298734 0.567480 0.298375 0.570654 0.297523 0.572773
