0 0.384680 0.435996 0.371867 0.427988 0.353812 0.425078 0.343906 0.427266 0.341578 0.434541 0.343906 0.438184 0.355555 0.443281 0.374195 0.445469 0.385844 0.440371
0 0.006672 0.513174 0.029391 0.511719 0.048023 0.509531 0.051523 0.508809 0.073656 0.509531 0.085305 0.493516 0.082977 0.489150 0.063172 0.490605 0.045117 0.494971 0.033469 0.496426 0.015414 0.498613 0.003758 0.505166
0 0.181992 0.463662 0.176750 0.467305 0.186648 0.479687 0.214602 0.472402 0.225672 0.468760 0.240813 0.467305 0.253633 0.462207 0.267023 0.461484 0.285664 0.439639 0.271102 0.438184 0.244891 0.451289 0.214602 0.462207 0.201789 0.462207 0.185484 0.462207
0 0.447578 0.378486 0.453406 0.382129 0.470883 0.388672 0.485438 0.392314 0.494180 0.392314 0.491266 0.387217 0.481367 0.379941 0.464477 0.369746 0.452820 0.365381 0.450492 0.372656
0 0.736477 0.633301 0.730070 0.632578 0.723656 0.636211 0.730648 0.650049 0.739383 0.650049 0.735305 0.633301
0 0.767086 0.500693 0.752133 0.497852 0.749531 0.501914 0.752133 0.511660 0.764156 0.510850 0.768711 0.500693
0 0.736531 0.595752 0.733281 0.601035 0.732313 0.606318 0.736531 0.615664 0.744336 0.614443 0.744336 0.603877 0.739461 0.596162
0 0.716844 0.793623 0.708688 0.787070 0.699953 0.781973 0.696461 0.783428 0.696461 0.792891 0.698789 0.793623 0.707523 0.795078 0.714516 0.796533
0 0.542406 0.402285 0.530508 0.399863 0.525656 0.405322 0.525656 0.412607 0.531727 0.417461 0.537797 0.415947 0.541438 0.412002 0.542891 0.401982
0 0.508906 0.401074 0.506234 0.410176 0.506234 0.415029 0.513516 0.415645 0.514000 0.407451 0.513273 0.402588
