0 0.164437 0.765039 0.165695 0.766260 0.167797 0.765566 0.170594 0.765215 0.171156 0.762412 0.171016 0.761357 0.169477 0.760488 0.167656 0.760137 0.164437 0.759961 0.163312 0.763467
0 0.810094 0.854277 0.815156 0.855215 0.817219 0.855449 0.817406 0.852168 0.815719 0.851230 0.811219 0.850293 0.808406 0.850293 0.807281 0.853105
0 0.516297 0.820781 0.514836 0.820781 0.513164 0.821045 0.511695 0.823135 0.512008 0.825615 0.514523 0.825752 0.516508 0.825752 0.517242 0.823525 0.516719 0.821699
0 0.848414 0.937842 0.850680 0.936826 0.852461 0.936025 0.856680 0.935410 0.861047 0.934404 0.863477 0.931973 0.859914 0.929746 0.856516 0.929746 0.851328 0.929541 0.846797 0.930752 0.845984 0.933389 0.848898 0.935410
0 0.303281 0.802754 0.301984 0.802754 0.299719 0.803770 0.299070 0.804980 0.299070 0.808623 0.302797 0.811465 0.306039 0.809639 0.307500 0.807822 0.307336 0.803770 0.303125 0.803770
0 0.243828 0.786758 0.245773 0.788584 0.250469 0.786758 0.251445 0.782910 0.248203 0.781494 0.243180 0.781494 0.242859 0.783516 0.243828 0.789795
0 0.260031 0.784932 0.258734 0.784736 0.255336 0.784736 0.254195 0.790205 0.256469 0.794453 0.259547 0.792432 0.261977 0.788174 0.260031 0.783516
0 0.550367 0.749912 0.548266 0.749395 0.546445 0.750615 0.545172 0.752363 0.547711 0.754990 0.549805 0.754990 0.551352 0.753418 0.550508 0.751143
0 0.196781 0.772393 0.192719 0.772910 0.192859 0.775713 0.195656 0.777461 0.200422 0.777988 0.201258 0.775186 0.201258 0.772393 0.197758 0.770986
0 0.213617 0.780879 0.216156 0.780430 0.217008 0.778613 0.217008 0.775439 0.213984 0.773018 0.210836 0.773164 0.209383 0.774980 0.209016 0.777246 0.210953 0.779824 0.213859 0.782090
0 0.035305 0.834785 0.040531 0.835146 0.041984 0.834053 0.041117 0.829697 0.037922 0.828252 0.036180 0.830059 0.035891 0.831875
0 0.607383 0.835020 0.605883 0.835840 0.604781 0.838545 0.605648 0.840449 0.607164 0.841260 0.609141 0.841260 0.610633 0.838545 0.609352 0.835566
0 0.587086 0.863037 0.585211 0.862158 0.583492 0.863428 0.582633 0.864697 0.583648 0.867822 0.585836 0.868994 0.587789 0.868213 0.588961 0.865771 0.587086 0.861963
0 0.679508 0.838818 0.677867 0.838623 0.675914 0.838721 0.674820 0.841260 0.675211 0.843506 0.675914 0.845264 0.677008 0.847803 0.679039 0.848975 0.680992 0.845947 0.682320 0.843213 0.681695 0.840576 0.680055 0.839209
0 0.653180 0.835303 0.651305 0.834912 0.650055 0.835986 0.650758 0.840283 0.653727 0.842725 0.656305 0.842432 0.658336 0.840381 0.661617 0.839795 0.664352 0.837061 0.663961 0.834229 0.661070 0.833643 0.658883 0.834814 0.654117 0.835010
0 0.745242 0.865996 0.748430 0.865996 0.750867 0.866699 0.752742 0.866465 0.753867 0.864121 0.754055 0.862012 0.750867 0.861543 0.745617 0.861543 0.744680 0.862012 0.744680 0.863418
0 0.832391 0.873174 0.831687 0.872393 0.829031 0.871025 0.826688 0.870830 0.824969 0.871807 0.824969 0.874248 0.826766 0.876006 0.828328 0.876982 0.829969 0.877861 0.835125 0.877959 0.835047 0.874834 0.832312 0.872881
0 0.821063 0.874834 0.817391 0.874443 0.815828 0.874639 0.813953 0.877373 0.814422 0.879717 0.815672 0.882256 0.822234 0.884404 0.823641 0.881963 0.823953 0.877861 0.821063 0.874639
0 0.652945 0.913311 0.657242 0.913604 0.661305 0.913408 0.663336 0.912920 0.662086 0.910283 0.657633 0.908330 0.654195 0.908037 0.650836 0.907939 0.649586 0.909502 0.650758 0.912334
0 0.676539 0.911650 0.675367 0.913311 0.675211 0.917510 0.675211 0.919658 0.677789 0.922100 0.679586 0.920635 0.681148 0.917900 0.683102 0.916729 0.684508 0.914775 0.682867 0.912822 0.679273 0.912529 0.677008 0.912236
0 0.600680 0.948076 0.606695 0.947979 0.608414 0.947490 0.606539 0.944658 0.604039 0.944268 0.602086 0.944268 0.600211 0.944756 0.598258 0.945830 0.600992 0.949346
0 0.610289 0.940166 0.608180 0.940166 0.607242 0.943096 0.608648 0.945635 0.612086 0.946611 0.614273 0.943779 0.612945 0.940654
0 0.678852 0.961123 0.674516 0.961240 0.671984 0.961914 0.670805 0.965762 0.674961 0.968018 0.679758 0.969033 0.684094 0.968467 0.687531 0.967227 0.692406 0.965195 0.694672 0.961465 0.693312 0.958418 0.689430 0.957393 0.682469 0.960107
0 0.727281 0.933857 0.725820 0.933594 0.724039 0.933203 0.724250 0.937256 0.725398 0.937646 0.727914 0.934375
0 0.836328 0.941816 0.834430 0.941133 0.832711 0.944189 0.834875 0.946436 0.837320 0.946221 0.837773 0.942832
0 0.875711 0.810879 0.874250 0.810879 0.872367 0.811797 0.871531 0.812451 0.872680 0.814932 0.874563 0.815723 0.876547 0.814805 0.876867 0.811934
0 0.934109 0.932578 0.936703 0.931973 0.940914 0.931768 0.946266 0.931562 0.946266 0.928525 0.948852 0.925898 0.950148 0.924678 0.947883 0.921846 0.942211 0.920635 0.938969 0.921846 0.938813 0.924482 0.936539 0.925693 0.933625 0.927109 0.933461 0.929746
0 0.644422 0.891064 0.641734 0.894004 0.640727 0.894004 0.639383 0.893584 0.637703 0.890645 0.640727 0.888545 0.646773 0.888125
0 0.635687 0.900723 0.633000 0.904922 0.633336 0.907861 0.631992 0.912900 0.629977 0.914580 0.629641 0.917939 0.621914 0.919199 0.618219 0.920459 0.611836 0.921299 0.606461 0.920459 0.610156 0.913320 0.615195 0.913320 0.619898 0.913740 0.623258 0.911221 0.624602 0.906182 0.628297 0.902402 0.632328 0.900723
0 0.596719 0.918779 0.595711 0.919199 0.583625 0.919619 0.583289 0.920039 0.579594 0.922139 0.579930 0.923818 0.588328 0.924658 0.593359 0.925078 0.596719 0.925918 0.601086 0.924238 0.600750 0.920459 0.596719 0.918779
0 0.509383 0.943135 0.510055 0.946914 0.514086 0.948174 0.521141 0.949854 0.521477 0.953213 0.512742 0.952373 0.504680 0.951113 0.504680 0.951113 0.501656 0.952793 0.495609 0.954473 0.491914 0.953213 0.499977 0.949854 0.502328 0.946494 0.501320 0.943135 0.507367 0.942715
0 0.544320 0.932217 0.541297 0.932637 0.539617 0.933477 0.536930 0.936836 0.540289 0.939355 0.541969 0.938096 0.544992 0.934736
0 0.524500 0.938096 0.522820 0.938516 0.522484 0.941455 0.523828 0.944395 0.527859 0.943135 0.525844 0.938936
0 0.639047 0.852432 0.640391 0.852432 0.642070 0.851172 0.643414 0.848652 0.642742 0.846973 0.640055 0.846973 0.638039 0.847393 0.637031 0.847812 0.634344 0.850332 0.634344 0.851172
0 0.649578 0.851895 0.652398 0.851631 0.656789 0.851367 0.658984 0.851367 0.661602 0.851367 0.663484 0.851367 0.664430 0.851367 0.666937 0.849932 0.667875 0.848623 0.667984 0.847451 0.660141 0.847314 0.657625 0.847451 0.653234 0.847451 0.649578 0.847451 0.647898 0.847715 0.647898 0.849023
0 0.519648 0.831104 0.521945 0.830977 0.523414 0.830977 0.526656 0.830850 0.526445 0.829277 0.525609 0.828105 0.524039 0.827705 0.522367 0.826660 0.521211 0.824961 0.521109 0.824961 0.519125 0.824053 0.518703 0.824053 0.517766 0.825098 0.517453 0.827314 0.517555 0.828105
