0 0.053867 0.245557 0.049016 0.241914 0.048289 0.241914 0.045375 0.251924 0.048531 0.255566
0 0.851859 0.298818 0.849898 0.294961 0.847086 0.293906 0.842594 0.293555 0.839227 0.297773 0.837820 0.309004 0.849336 0.307949 0.852141 0.301982
0 0.054383 0.422471 0.049281 0.423076 0.045859 0.427930 0.046852 0.435518 0.057750 0.436426 0.066008 0.439463 0.069187 0.433389 0.065523 0.422773 0.055086 0.421563
0 0.047313 0.297441 0.046609 0.298965 0.058969 0.311709 0.065039 0.311709 0.071617 0.304121 0.061148 0.293809 0.046852 0.292588
0 0.262953 0.276211 0.259383 0.274180 0.253859 0.272148 0.248984 0.280273 0.253203 0.283926 0.260680 0.286367 0.263930 0.281895
0 0.610070 0.692100 0.610070 0.674063 0.592023 0.663916 0.586609 0.671807 0.586609 0.690977 0.596539 0.701123 0.607359 0.701123
0 0.305477 0.737187 0.316008 0.735781 0.329164 0.729668 0.339320 0.724033 0.368273 0.713691 0.369781 0.706172 0.355453 0.701465 0.328750 0.711338 0.312211 0.720273 0.303563 0.722617 0.299797 0.729668 0.296078 0.737187
0 0.396102 0.709463 0.395688 0.709463 0.385078 0.721680 0.385547 0.730566 0.398734 0.732490 0.404000 0.720742 0.399820 0.706641
0 0.437828 0.736084 0.437828 0.724922 0.433594 0.721982 0.428578 0.726484 0.430461 0.735107 0.435633 0.738242
0 0.422938 0.726094 0.423570 0.723936 0.428109 0.718652 0.430617 0.713164 0.426859 0.710420 0.422312 0.710420 0.418711 0.716299 0.418078 0.724131
0 0.145266 0.806963 0.141281 0.809063 0.138133 0.819287 0.138969 0.822695 0.141695 0.825850 0.145477 0.826631 0.149461 0.821387 0.152609 0.814834 0.144422 0.806699
0 0.360570 0.369473 0.362578 0.385205 0.371141 0.392129 0.380703 0.404082 0.410406 0.426738 0.419469 0.431768 0.441617 0.444355 0.456211 0.453789 0.458227 0.470156 0.446648 0.468896 0.432047 0.456309 0.431547 0.455049 0.428023 0.448760 0.432047 0.470781 0.432047 0.470781 0.408891 0.463232 0.391781 0.433027 0.376172 0.425479 0.358047 0.404199 0.349375 0.390527 0.337914 0.382686 0.340938 0.368213 0.354023 0.360664
0 0.769000 0.309004 0.783609 0.311113 0.797937 0.312520 0.805516 0.312871 0.808328 0.300928 0.791758 0.295664 0.772656 0.294961 0.767602 0.297070 0.766477 0.307598
0 0.711984 0.318135 0.729117 0.318135 0.731086 0.312871 0.719289 0.305840 0.707211 0.307246 0.701594 0.312520 0.703273 0.318486
0 0.922086 0.296719 0.929109 0.287939 0.936688 0.281973 0.941750 0.277402 0.934727 0.269678 0.922930 0.277402 0.919555 0.284775
0 0.986969 0.244404 0.983320 0.244053 0.968992 0.236328 0.971242 0.233867 0.960844 0.237734 0.967867 0.248262 0.974609 0.254932 0.979945 0.257393 0.985281 0.253174
