0 0.573922 0.149746 0.571187 0.148691 0.560703 0.149482 0.557133 0.152627 0.559438 0.161807 0.570141 0.164687 0.575180 0.164424 0.578320 0.157344 0.574758 0.147646
0 0.404406 0.214824 0.421375 0.214824 0.431383 0.207754 0.419633 0.199053 0.404844 0.201768 0.402227 0.206670 0.402664 0.218633
0 0.430945 0.187090 0.423984 0.184912 0.417023 0.183281 0.413977 0.196328 0.422680 0.201768 0.430945 0.201768 0.430945 0.190898
0 0.453062 0.193018 0.446141 0.194854 0.444672 0.200098 0.454320 0.209014 0.465023 0.212686 0.467539 0.204033 0.461453 0.197217 0.449914 0.191963
0 0.038945 0.315977 0.049820 0.321416 0.066352 0.328486 0.079406 0.332295 0.091148 0.344258 0.097242 0.329570 0.106813 0.328486 0.119430 0.332295 0.134656 0.330664 0.148148 0.325771 0.149016 0.310000 0.134656 0.314893 0.104203 0.317061 0.080711 0.311631 0.069398 0.320332 0.040250 0.309453 0.034594 0.308906
0 0.126391 0.279541 0.137273 0.294229 0.149016 0.292588 0.161195 0.292588 0.173383 0.291504 0.192961 0.295859 0.208625 0.290957 0.215148 0.278994 0.206008 0.271924 0.177734 0.280088 0.158156 0.280088 0.132484 0.268662 0.121172 0.257783 0.121172 0.278994
0 0.586930 0.170459 0.602242 0.170459 0.605602 0.163379 0.595109 0.154990 0.588812 0.154990 0.582313 0.158135 0.585664 0.169678
0 0.123781 0.188174 0.145969 0.189805 0.172945 0.193613 0.158586 0.181650 0.143797 0.174580 0.130312 0.175664 0.125961 0.180020
0 0.050687 0.160439 0.082016 0.170225 0.096375 0.167510 0.086367 0.146299 0.066352 0.140313 0.051125 0.151191
0 0.216891 0.157715 0.203398 0.156631 0.192961 0.162617 0.190781 0.172402 0.198617 0.177842 0.209930 0.175664 0.212977 0.160439
0 0.252133 0.146299 0.240383 0.145752 0.238641 0.159893 0.256047 0.162617 0.266484 0.155000 0.256047 0.145215
0 0.325656 0.244736 0.354375 0.249629 0.360031 0.245820 0.376563 0.227871 0.385266 0.226787 0.387437 0.218086 0.365680 0.217002 0.342625 0.218633 0.331750 0.218633 0.332617 0.230596 0.338273 0.233857
0 0.293898 0.237666 0.302164 0.251260 0.325219 0.252891 0.321742 0.259414 0.310430 0.261592 0.300391 0.273047 0.280844 0.264316 0.277797 0.262139 0.290414 0.252891 0.293023 0.242012
0 0.445734 0.245820 0.462703 0.245820 0.470539 0.247451 0.474891 0.247451 0.481414 0.245820 0.479234 0.239297 0.467930 0.236035 0.461398 0.234941 0.460531 0.250176
0 0.411367 0.229512 0.419195 0.231143 0.427031 0.229502 0.431383 0.226787 0.445305 0.222979 0.428766 0.212646 0.427031 0.220801 0.413977 0.222441 0.411805 0.222441 0.409625 0.236035
0 0.551891 0.173350 0.546641 0.170723 0.541188 0.170723 0.536148 0.175703 0.529227 0.176230 0.520414 0.175967 0.508039 0.176494 0.506773 0.179111 0.513070 0.186201 0.536992 0.191445 0.543492 0.186719 0.555242 0.185410 0.561539 0.184102 0.563641 0.177275 0.558180 0.169150 0.542234 0.166523
0 0.629938 0.213740 0.626375 0.212422 0.620703 0.222949 0.629297 0.227148 0.639383 0.226846 0.648195 0.221074 0.650922 0.217148 0.659734 0.212949 0.653438 0.206133 0.642531 0.199307 0.636859 0.203242 0.629727 0.207969 0.627422 0.209805
0 0.272625 0.851006 0.254930 0.866807 0.250156 0.885762 0.241727 0.894189 0.217289 0.888223 0.204930 0.887168 0.184984 0.887520 0.179648 0.884365 0.170102 0.869961 0.151281 0.859434 0.154094 0.835557 0.187797 0.836611 0.197906 0.838721 0.192008 0.855918 0.192008 0.874883 0.206336 0.881201 0.221219 0.876992 0.228242 0.875586 0.237234 0.876992 0.249312 0.866455 0.259141 0.854521 0.266445 0.850303 0.270375 0.852764
0 0.882563 0.248477 0.902789 0.249531 0.909250 0.243555 0.911492 0.229512 0.894359 0.226006 0.877789 0.226006 0.864867 0.226709 0.848859 0.239346 0.848578 0.246367 0.856727 0.256904 0.884531 0.254795 0.892117 0.248125
