0 0.569008 0.850654 0.558938 0.850654 0.553484 0.859834 0.562297 0.870068 0.571734 0.870322 0.574672 0.858555 0.572156 0.850918
0 0.261266 0.208682 0.259523 0.221729 0.256914 0.241855 0.245172 0.250010 0.236031 0.238047 0.232117 0.236953 0.227766 0.245117 0.223414 0.248926 0.219937 0.250010 0.211234 0.248926 0.211234 0.239131 0.216016 0.224453 0.216891 0.216836 0.232984 0.229883 0.237773 0.233691 0.245172 0.227715 0.250391 0.209219 0.251695 0.205410 0.259961 0.205957 0.263875 0.214658
0 0.611500 0.299502 0.621070 0.297871 0.634992 0.293516 0.644133 0.288623 0.621070 0.282100 0.614109 0.283184 0.609328 0.298408
0 0.543625 0.222812 0.533625 0.224453 0.533188 0.235869 0.541891 0.245117 0.554508 0.248926 0.559289 0.239678 0.553633 0.228252 0.544937 0.223359
0 0.479234 0.327783 0.479234 0.328320 0.478367 0.344639 0.487070 0.352256 0.489680 0.350625 0.479672 0.326143
0 0.492727 0.532803 0.493156 0.537158 0.508391 0.543682 0.518391 0.545312 0.526664 0.540420 0.521008 0.529541 0.507953 0.526279 0.490117 0.526279
0 0.642828 0.531719 0.639781 0.530088 0.634125 0.542051 0.628906 0.543145 0.623680 0.551846 0.632383 0.555645 0.644562 0.558916 0.651094 0.547490 0.647180 0.534980
0 0.793359 0.631787 0.790312 0.632334 0.790312 0.655176 0.786836 0.660605 0.803367 0.657891 0.804672 0.649736 0.803367 0.632334 0.782922 0.625801
0 0.804234 0.637764 0.809023 0.636680 0.811195 0.648643 0.811195 0.656807 0.806414 0.656807 0.802500 0.648643 0.809461 0.637773
0 0.822258 0.677109 0.827695 0.674844 0.823344 0.668721 0.819531 0.666436 0.816812 0.671670 0.818445 0.680732 0.819719 0.682773 0.822797 0.678691
0 0.836398 0.634268 0.832227 0.630869 0.825703 0.633340 0.825703 0.639707 0.826969 0.651719 0.834227 0.649902 0.838758 0.645596 0.837305 0.637891
0 0.923984 0.547227 0.918187 0.551982 0.918000 0.556064 0.921086 0.557422 0.926164 0.559238 0.929969 0.558555 0.931781 0.554004 0.928883 0.547227 0.926164 0.546094
0 0.805469 0.890547 0.824352 0.888975 0.835266 0.887666 0.841352 0.896846 0.836102 0.903398 0.820367 0.905234 0.815961 0.907861 0.819531 0.914414 0.813023 0.919131 0.802109 0.910479 0.803789 0.897100 0.809039 0.889502
0 0.684617 0.966348 0.683984 0.968965 0.683984 0.978145 0.686922 0.987852 0.693641 0.988633 0.698258 0.976309 0.690914 0.966865
0 0.732453 0.773311 0.729305 0.769355 0.723430 0.767783 0.719656 0.772764 0.720289 0.780889 0.730563 0.783516 0.734344 0.776963
0 0.744625 0.723721 0.740219 0.722402 0.735812 0.722402 0.730148 0.716377 0.722594 0.721094 0.722172 0.729746 0.729727 0.731582 0.730563 0.735000 0.731828 0.741289 0.743578 0.742861 0.745461 0.733418 0.746305 0.726338
0 0.747773 0.698018 0.749656 0.687529 0.747773 0.686475 0.737906 0.688311 0.733711 0.691982 0.736023 0.703525 0.750711 0.704834 0.750922 0.703789
0 0.594187 0.832061 0.591461 0.839121 0.595867 0.849346 0.599016 0.850137 0.600898 0.837803 0.597750 0.827842
0 0.542781 0.840947 0.535859 0.840166 0.533969 0.848301 0.534602 0.850654 0.538797 0.854326 0.544039 0.838857
0 0.525367 0.843867 0.522219 0.852783 0.522430 0.863008 0.528516 0.865371 0.532078 0.856455 0.532711 0.850156
0 0.533547 0.790332 0.539008 0.787188 0.543617 0.783252 0.548867 0.774600 0.548867 0.770400 0.546352 0.763584 0.538375 0.760957 0.533336 0.769092 0.531453 0.773027 0.528516 0.779316 0.529984 0.786660
0 0.509422 0.776963 0.512570 0.778008 0.515719 0.773545 0.516344 0.763848 0.513406 0.759912 0.504172 0.757549 0.508375 0.780889 0.513195 0.783516 0.518445 0.779844 0.519703 0.772236 0.518023 0.763057 0.515297 0.761748
