0 0.200484 0.987539 0.200008 0.989355 0.199766 0.994189 0.201820 0.993281 0.202062 0.988145 0.200969 0.986475
0 0.180398 0.950781 0.180523 0.951084 0.181250 0.955469 0.181734 0.958193 0.182461 0.960762 0.184391 0.959248 0.185359 0.955020 0.185242 0.952441 0.183422 0.949873 0.181977 0.948818 0.179070 0.950781
0 0.120016 0.987539 0.118805 0.994492 0.120984 0.997676 0.124008 0.996006 0.123891 0.989502 0.120984 0.986328
0 0.110937 0.982090 0.104281 0.983301 0.104648 0.986934 0.107914 0.989658 0.112391 0.990410 0.113602 0.985264 0.112516 0.982998
0 0.157891 0.978916 0.157406 0.981035 0.157164 0.987236 0.159344 0.990264 0.160672 0.989199 0.162609 0.982549 0.162492 0.979219 0.160430 0.977256 0.157648 0.980879
0 0.133328 0.940195 0.131391 0.938984 0.129453 0.936709 0.128242 0.936562 0.128242 0.943369 0.129453 0.945937 0.131273 0.949268 0.132602 0.945332 0.133328 0.942461
0 0.155227 0.946543 0.155836 0.949414 0.155953 0.954111 0.156438 0.958945 0.157891 0.960762 0.160430 0.956523 0.160672 0.950176 0.158617 0.946699 0.155227 0.946240
0 0.029695 0.845029 0.027312 0.845029 0.024492 0.852344 0.024492 0.857197 0.023625 0.862646 0.023625 0.866719 0.023406 0.867803 0.020805 0.872139 0.021453 0.877285 0.021891 0.881621 0.022539 0.887051 0.025141 0.884609 0.025578 0.878916 0.027094 0.874580 0.028398 0.869424 0.028398 0.866172 0.030352 0.859941 0.030352 0.855332 0.032297 0.849883 0.031000 0.845029
0 0.017984 0.907383 0.020805 0.909551 0.020375 0.914160 0.017984 0.916592 0.016250 0.919004 0.014516 0.919277 0.014734 0.910879 0.015602 0.907646
0 0.013867 0.923076 0.016031 0.921748 0.017984 0.923643 0.017336 0.927168 0.016250 0.930967 0.015383 0.933916 0.014734 0.934756 0.013000 0.935820 0.012352 0.935029 0.013648 0.931230 0.013219 0.928252 0.013219 0.925000
0 0.011914 0.961328 0.011695 0.964033 0.013000 0.967832 0.014516 0.968916 0.014953 0.973223 0.013867 0.974883 0.012133 0.974883 0.010609 0.977324 0.013219 0.981631 0.014086 0.983281 0.014086 0.986807 0.011914 0.986240 0.010828 0.984639 0.007797 0.984639 0.005187 0.984912 0.006711 0.981387 0.007359 0.978408 0.006930 0.973496 0.006930 0.969727 0.007797 0.967266 0.008445 0.962412 0.009961 0.960508
0 0.011336 0.902734 0.011758 0.905205 0.011758 0.907051 0.010086 0.909521 0.010609 0.912021 0.010711 0.914766 0.009773 0.917637 0.009664 0.920908 0.008617 0.925742 0.008516 0.924687 0.008516 0.921289 0.007992 0.918291 0.007992 0.915273 0.008414 0.912539 0.008937 0.909521 0.009664 0.906650 0.010500 0.905469 0.010922 0.903506
0 0.004750 0.903652 0.004437 0.906533 0.005063 0.909932 0.004016 0.912139 0.003492 0.913838 0.003703 0.917637 0.002242 0.919600 0.001930 0.919473 0.001406 0.917637 0.000461 0.915420 0.001930 0.912803 0.002555 0.909404 0.003703 0.905469 0.004336 0.903389
0 0.000148 0.918154 0.000984 0.919473 0.002031 0.922217 0.001930 0.924180 0.001094 0.926797 0.000570 0.927441 0.000250 0.927441
0 0.004500 0.882119 0.004773 0.879639 0.005492 0.877373 0.005492 0.875117 0.006938 0.873418 0.006125 0.870029 0.006125 0.867656 0.006219 0.865508 0.005133 0.865176 0.003055 0.869131 0.003867 0.871953 0.003234 0.874668 0.002242 0.876924 0.002516 0.880430
0 0.011641 0.862578 0.012633 0.865967 0.012727 0.870371 0.012000 0.873535 0.011461 0.877373 0.009656 0.883477 0.009656 0.885742 0.009469 0.889687 0.007484 0.888789 0.007305 0.886533 0.008477 0.882344 0.009109 0.878281 0.008656 0.874551 0.008656 0.871953 0.008930 0.869238 0.009383 0.866758 0.010016 0.863926
0 0.020047 0.855791 0.021945 0.852520 0.022492 0.849014 0.022305 0.846641 0.023391 0.845059 0.025023 0.842461 0.025656 0.839414 0.025469 0.837607 0.024297 0.838398 0.023844 0.838730 0.023031 0.836924 0.020227 0.836699 0.019867 0.841895 0.019508 0.847324 0.019328 0.851836 0.018961 0.857373 0.020047 0.857266
0 0.026016 0.828564 0.026555 0.826191 0.027461 0.823936 0.027547 0.819746 0.027734 0.817832 0.026375 0.817373 0.024836 0.822119 0.024117 0.825059 0.023570 0.830146 0.025203 0.831162
0 0.036469 0.726025 0.038187 0.728965 0.038820 0.729639 0.040000 0.732012 0.040898 0.731904 0.041805 0.734160 0.040453 0.735518 0.037734 0.735068 0.038281 0.733252 0.035297 0.732695 0.034211 0.731787 0.033125 0.731113 0.032859 0.728174 0.034125 0.726699
0 0.637109 0.954023 0.637383 0.958047 0.637250 0.961895 0.639344 0.962422 0.640469 0.956475 0.639906 0.952969 0.635984 0.952607
0 0.044969 0.726250 0.043344 0.727832 0.043703 0.732803 0.043617 0.736758 0.043344 0.739580 0.043703 0.742520 0.044250 0.744102 0.044250 0.747383 0.045516 0.749756 0.046594 0.748965 0.047047 0.745459 0.047594 0.743086 0.048039 0.740039 0.046961 0.736982 0.046961 0.733486 0.048672 0.730547 0.049578 0.728623 0.049578 0.725801 0.048313 0.720830 0.046687 0.720146 0.044609 0.722520 0.042891 0.726475
0 0.053281 0.703184 0.053906 0.701357 0.055688 0.699258 0.055055 0.697432 0.053383 0.699521 0.052234 0.700830 0.052969 0.704365
0 0.055375 0.686191 0.054641 0.686846 0.052336 0.688281 0.051500 0.691680 0.054117 0.692334 0.054531 0.694424 0.054531 0.696123 0.056211 0.695205 0.057047 0.692461 0.057883 0.690107 0.057461 0.688154 0.057570 0.684102 0.057773 0.680176 0.058195 0.677168 0.059031 0.674941 0.059867 0.672852 0.061648 0.671943 0.063219 0.670371 0.061336 0.668535 0.061539 0.665664 0.060914 0.662266 0.057250 0.664746 0.057148 0.668799 0.057250 0.672852 0.057250 0.675996 0.056625 0.679258 0.055891 0.681348 0.055789 0.683447
0 0.065617 0.629580 0.065305 0.635332 0.065305 0.639912 0.066039 0.643047 0.067609 0.639258 0.068234 0.636641 0.068656 0.639385 0.069805 0.642920 0.070430 0.637422 0.071164 0.631934 0.071164 0.628145 0.069070 0.631807 0.068656 0.631934 0.068859 0.627363 0.068234 0.627227 0.066141 0.629316 0.065305 0.631152
0 0.707570 0.996670 0.558867 0.619639 0.558867 0.615879 0.554055 0.608350 0.543820 0.600830 0.537195 0.597070 0.542008 0.606846 0.554055 0.631680 0.559469 0.641465 0.560672 0.644473 0.562477 0.654258 0.573313 0.682100 0.584156 0.709199 0.598602 0.740801 0.607633 0.769395 0.617867 0.804014 0.628102 0.837129 0.639539 0.869482 0.651578 0.900342 0.663617 0.927432 0.681680 0.971836 0.690711 0.990645 0.694828 1.000000 0.703789 1.000000
0 0.506273 0.555557 0.507141 0.558535 0.509961 0.566670 0.510609 0.567754 0.511047 0.562607 0.509742 0.558535 0.506930 0.553389
0 0.508008 0.550137 0.506930 0.546064 0.505406 0.535771 0.504977 0.529805 0.504109 0.520312 0.504109 0.514355 0.504539 0.507842 0.505625 0.498623 0.506062 0.491035 0.504539 0.488867 0.501070 0.491035 0.496734 0.499707 0.495000 0.508662 0.496086 0.514893 0.498469 0.516250 0.498031 0.516250 0.493477 0.516787 0.493047 0.522754 0.495000 0.533594 0.497602 0.547148 0.500852 0.551494 0.505406 0.555557
0 0.491531 0.455791 0.492609 0.464473 0.493695 0.465557 0.498898 0.467998 0.498898 0.467998 0.499336 0.463652 0.498688 0.456611 0.499117 0.450645 0.498898 0.444678 0.496086 0.437637 0.492609 0.441152 0.492828 0.445225 0.491961 0.450098 0.491742 0.454736
0 0.620781 0.310762 0.618836 0.312930 0.615578 0.316455 0.615578 0.321602 0.616883 0.324316 0.619047 0.324316 0.621219 0.322959 0.621648 0.317266 0.621219 0.313477
0 0.614492 0.338408 0.613844 0.341123 0.611461 0.343564 0.610156 0.345732 0.610594 0.351152 0.612328 0.351152 0.614062 0.351152 0.615148 0.344648 0.616016 0.338955
0 0.609938 0.357656 0.609070 0.358203 0.607336 0.362266 0.607555 0.365254 0.611023 0.365254 0.611023 0.360098 0.610375 0.356309
0 0.767320 0.999521 0.767180 0.997070 0.768297 0.995674 0.767602 0.991299 0.765219 0.990078 0.765500 0.993223 0.765078 0.995674 0.765508 1.000000 0.767117 1.000000
0 0.929586 0.898652 0.930172 0.894297 0.927266 0.893213 0.924945 0.889580 0.921172 0.884863 0.920875 0.893574 0.923781 0.899375 0.926102 0.900830 0.928430 0.904102
0 0.716914 0.984824 0.717891 0.982373 0.717758 0.979395 0.717617 0.977119 0.718031 0.973799 0.719156 0.970996 0.718172 0.968369 0.717477 0.969248 0.714953 0.968018 0.713836 0.971875 0.714258 0.977471 0.713555 0.980801 0.712570 0.984297 0.716070 0.986396 0.718734 0.985332
0 0.666789 0.952793 0.664406 0.952441 0.663570 0.953672 0.662727 0.958574 0.668047 0.964521 0.670711 0.966426 0.675328 0.967676 0.673930 0.960850 0.672953 0.955420 0.668609 0.951924 0.665672 0.951748
0 0.650406 0.962051 0.648586 0.960322 0.647609 0.961025 0.647609 0.964346 0.649148 0.968018 0.650547 0.965918 0.650406 0.962246
0 0.649984 0.945791 0.650547 0.948770 0.648164 0.951572 0.644250 0.952441 0.643125 0.952969 0.641445 0.951396 0.638367 0.950166 0.638367 0.946494 0.642148 0.945273 0.648727 0.945449
0 0.763961 0.997422 0.763820 0.991475 0.762000 0.988320 0.761016 0.986221 0.760320 0.991299 0.761578 0.995146 0.762000 0.998477 0.762141 0.994971 0.762141 0.994453
0 0.259664 0.980879 0.259781 0.986631 0.260508 0.988291 0.262445 0.991016 0.261844 0.995557 0.263055 0.999941 0.263148 1.000000 0.264672 1.000000 0.265711 0.994795 0.265352 0.989805 0.265711 0.988291 0.263898 0.983906 0.262570 0.980879 0.258328 0.981787
0 0.269219 0.986328 0.268500 0.986934 0.268258 0.991016 0.268133 0.992676 0.268258 0.998281 0.269375 1.000000 0.270414 1.000000 0.272125 0.997979 0.271766 0.993437 0.270313 0.989053 0.270313 0.986172 0.268977 0.984209
0 0.252156 0.980273 0.249859 0.984062 0.251312 0.986475 0.254578 0.986777 0.254578 0.982549 0.253125 0.979971
0 0.244898 0.981182 0.242359 0.981035 0.241875 0.987080 0.245383 0.991621 0.247078 0.985869 0.246227 0.982549
0 0.234250 0.979668 0.233406 0.985117 0.235703 0.989961 0.236430 0.993281 0.239453 0.988145 0.238852 0.982695 0.235703 0.979668
0 0.226867 0.982246 0.226508 0.986777 0.227234 0.990107 0.229773 0.991318 0.230500 0.987236 0.230016 0.982998 0.226867 0.981787
0 0.223477 0.953955 0.224086 0.956982 0.224086 0.961826 0.225781 0.965000 0.229648 0.964092 0.229289 0.958643 0.228320 0.954863 0.224328 0.953652
0 0.175078 0.981338 0.175922 0.985723 0.175195 0.989502 0.175195 0.993887 0.177375 0.992529 0.178945 0.987236 0.180766 0.983760 0.178219 0.980879 0.173867 0.980127
0 0.193594 0.984355 0.194797 0.987686 0.195648 0.990713 0.196250 0.991621 0.197461 0.987080 0.197828 0.984668 0.192867 0.984062
