0 0.709422 0.946299 0.706398 0.946299 0.697336 0.943779 0.688781 0.954482 0.696328 0.960771 0.722508 0.962666 0.734586 0.963916 0.725023 0.987197 0.757242 0.980283 0.784422 0.978389 0.809094 0.970840 0.807578 0.953223 0.767312 0.949443 0.744656 0.946299
0 0.644562 0.514531 0.687641 0.523232 0.712000 0.519434 0.731148 0.517256 0.704609 0.496592 0.683289 0.495498 0.651961 0.493867 0.632383 0.496045 0.637172 0.512363
0 0.557117 0.500391 0.575820 0.504199 0.588875 0.501484 0.574953 0.485166 0.555375 0.477012 0.541016 0.475918 0.539281 0.490059 0.554070 0.511270
0 0.617594 0.358994 0.635430 0.359541 0.645437 0.347031 0.646742 0.322012 0.631078 0.305703 0.612805 0.311133 0.611500 0.342676 0.611062 0.356816
0 0.295125 0.907285 0.313250 0.904141 0.332375 0.901621 0.350000 0.901621 0.358055 0.874570 0.340430 0.867646 0.310234 0.880273 0.281539 0.900996 0.282539 0.902881
0 0.886508 0.524326 0.913922 0.528135 0.917398 0.526494 0.919578 0.512900 0.895648 0.501484 0.868672 0.486250 0.864320 0.507461 0.875195 0.530850 0.886508 0.537920
0 0.933891 0.373682 0.942156 0.369873 0.936063 0.361719 0.918227 0.375850 0.907781 0.393262 0.904305 0.402500 0.894734 0.421533 0.911266 0.419365 0.932586 0.413926 0.941719 0.379121
0 0.742023 0.405225 0.715047 0.405225 0.715914 0.414463 0.735062 0.423164 0.752461 0.424258 0.755508 0.410664
0 0.681109 0.368242 0.700258 0.361719 0.705039 0.349209 0.706781 0.341045 0.692422 0.334521 0.684594 0.339961 0.674586 0.351924
0 0.596156 0.279307 0.597164 0.290635 0.566961 0.313281 0.541789 0.315801 0.536758 0.329014 0.511586 0.340342 0.473328 0.342227 0.440609 0.334678 0.434570 0.325234 0.455711 0.313916 0.474836 0.306992 0.501016 0.295039
0 0.744195 0.381289 0.752031 0.383467 0.772477 0.380752 0.793797 0.387275 0.809023 0.391621 0.811633 0.376943 0.793797 0.368242 0.765078 0.364434 0.753336 0.368242 0.745937 0.370957
0 0.656562 0.293145 0.674180 0.291260 0.708914 0.288740 0.730563 0.282451 0.741641 0.276162 0.739625 0.263574 0.714453 0.265459 0.679219 0.267979 0.671664 0.257285 0.650016 0.265459 0.635922 0.274902 0.640961 0.291260
0 0.024305 0.593926 0.066086 0.612178 0.074641 0.611543 0.074641 0.598955 0.062055 0.583857 0.052492 0.567500 0.019266 0.558691 0.015242 0.558057 0.015242 0.580713 0.014734 0.587637
