0 0.213242 0.795186 0.213242 0.798369 0.211305 0.802598 0.209367 0.803359 0.208883 0.798066 0.211672 0.793682 0.214453 0.791562
0 0.036508 0.795859 0.033961 0.795254 0.030094 0.797070 0.030937 0.800244 0.033727 0.802207 0.035898 0.802666 0.038320 0.797373 0.038203 0.794189
0 0.193883 0.799580 0.192547 0.806836 0.191820 0.810771 0.190492 0.813193 0.187469 0.808652 0.187711 0.802754 0.190617 0.799727 0.196180 0.798818
0 0.069711 0.807891 0.073602 0.805947 0.077094 0.796230 0.080203 0.786025 0.087594 0.780195 0.091867 0.769502 0.094977 0.762217 0.099250 0.755420 0.094195 0.754443 0.086039 0.770967 0.079820 0.782139 0.065828 0.786992 0.056883 0.793799 0.054555 0.801084 0.059992 0.805459 0.064273 0.801084 0.065438 0.805947 0.061547 0.815664 0.066992 0.815176
0 0.112469 0.711689 0.121016 0.714121 0.128789 0.713145 0.150000 0.712402 0.162656 0.712207 0.166102 0.712666 0.153664 0.707314 0.147055 0.706826 0.130344 0.704404 0.127625 0.701973 0.120242 0.700518 0.105859 0.700518 0.110133 0.709746
0 0.356703 0.811699 0.363086 0.813379 0.372492 0.809600 0.376859 0.804980 0.382570 0.802881 0.388953 0.800361 0.394328 0.796162 0.393656 0.788604 0.388617 0.783145 0.380891 0.781885 0.373500 0.772227 0.364766 0.765928 0.358719 0.764258 0.355359 0.764668 0.338227 0.765088 0.326469 0.762158 0.304305 0.762578 0.302289 0.764258 0.296578 0.767607 0.280117 0.768867 0.270039 0.767188 0.255930 0.765928 0.253578 0.768447 0.256602 0.772227 0.257945 0.776426 0.260969 0.780205 0.270039 0.781045 0.278773 0.780205 0.282469 0.782725 0.296242 0.783564 0.302625 0.781465 0.289523 0.785664 0.290867 0.792803 0.297586 0.797002 0.306656 0.794063 0.310352 0.796162 0.316398 0.801201 0.320758 0.804141 0.322102 0.807500 0.344273 0.802461 0.344273 0.807500 0.344945 0.817158
0 0.209570 0.823037 0.211250 0.824297 0.218305 0.833115 0.220656 0.836895 0.216625 0.843613 0.221328 0.846553 0.229055 0.849072 0.235773 0.852852 0.241820 0.853691 0.235102 0.854951 0.222672 0.857051 0.215617 0.856211 0.209234 0.849912 0.213937 0.840674 0.210578 0.835215 0.204195 0.828916 0.203187 0.821777 0.207555 0.820518
0 0.279453 0.841895 0.285492 0.846973 0.292211 0.849072 0.292211 0.841934 0.280453 0.837734 0.276086 0.836055
0 0.293219 0.831855 0.292547 0.833535 0.299938 0.835635 0.305984 0.835215 0.309008 0.838574 0.315055 0.839834 0.307328 0.831855 0.304977 0.830176 0.309680 0.824297 0.306992 0.818838 0.301953 0.815059 0.288516 0.815059 0.284148 0.812959 0.278773 0.812119 0.282469 0.817998 0.287172 0.819258 0.295906 0.821357 0.299602 0.823457 0.299602 0.827656 0.294898 0.829336 0.292211 0.829756
0 0.161867 0.825137 0.170938 0.833115 0.173289 0.838574 0.172281 0.843193 0.165898 0.844033 0.163883 0.843193 0.159180 0.838994 0.141711 0.839414 0.129961 0.835635 0.113164 0.833535 0.107453 0.831436 0.104430 0.824297 0.111484 0.817998 0.119547 0.817578 0.129961 0.823457 0.141711 0.826816 0.148430 0.828916 0.157500 0.831436 0.161867 0.833115 0.163211 0.831855
0 0.186922 0.712373 0.193922 0.714824 0.198266 0.714824 0.202461 0.714824 0.206664 0.715352 0.212266 0.716055 0.217164 0.716221 0.221781 0.717275 0.225984 0.716221 0.229906 0.715879 0.234945 0.716055 0.239703 0.716572 0.240828 0.716572 0.246703 0.717275 0.250070 0.717275 0.249930 0.704150 0.247266 0.699072 0.247406 0.707998 0.248523 0.713252 0.247125 0.715176 0.244188 0.713945 0.242930 0.710801 0.242789 0.704502 0.241945 0.696270 0.240266 0.696797 0.238867 0.706426 0.238867 0.711504 0.233687 0.712725 0.233547 0.709404 0.230883 0.710801 0.228086 0.710625 0.221227 0.711152 0.214922 0.710273 0.210023 0.710449 0.205820 0.710625 0.201766 0.709404 0.197844 0.709404 0.190422 0.707998
0 0.282547 0.723750 0.286047 0.723750 0.289687 0.722705 0.293055 0.725498 0.295992 0.728828 0.296133 0.732500 0.297672 0.733730 0.299352 0.728828 0.295992 0.725674 0.297531 0.720430 0.296828 0.715879 0.293891 0.717451 0.286750 0.718672 0.282273 0.718672 0.281852 0.721650
0 0.235992 0.792168 0.239742 0.794883 0.241922 0.796699 0.243734 0.799580 0.239258 0.802598 0.233812 0.802598 0.233328 0.798369 0.235391 0.792773
