0 0.805445 0.824551 0.798766 0.824912 0.779602 0.825273 0.766250 0.824912 0.750570 0.824912 0.739539 0.824551 0.728797 0.823457 0.723281 0.820918 0.722406 0.817285 0.710500 0.810752 0.707891 0.803857 0.712242 0.798057 0.719500 0.794424 0.724437 0.792969 0.735469 0.793701 0.738664 0.796240 0.738953 0.803135 0.744469 0.808213 0.741570 0.810029 0.731406 0.810391 0.722984 0.810391 0.729953 0.815840 0.730828 0.816924 0.738664 0.817656 0.748828 0.817656 0.759570 0.817285 0.768570 0.816924 0.775828 0.816924 0.787148 0.817656 0.794406 0.820195 0.809219 0.820918
0 0.848125 0.910918 0.854797 0.911650 0.859445 0.914912 0.863219 0.916367 0.864383 0.918545 0.856250 0.917813 0.851023 0.915273 0.848117 0.910557
0 0.846086 0.923984 0.852187 0.928701 0.858281 0.929434 0.864086 0.930879 0.867281 0.927617 0.884125 0.923984 0.889641 0.923984 0.896898 0.923984 0.905898 0.923984 0.916352 0.925078 0.920992 0.926885 0.921578 0.931973 0.913445 0.934150 0.913156 0.937773 0.903867 0.932695 0.897188 0.932695 0.891383 0.933418 0.880930 0.934512 0.873383 0.933057 0.860023 0.935234 0.852766 0.935234 0.845219 0.933057 0.844344 0.930879
0 0.754922 0.845596 0.760734 0.849590 0.769734 0.857568 0.775539 0.860840 0.776117 0.867734 0.769734 0.868096 0.768570 0.874268 0.761313 0.874629 0.755508 0.872090 0.750570 0.869551 0.748828 0.864834 0.732859 0.863740 0.727922 0.860479 0.730828 0.854307 0.731984 0.849590 0.731984 0.841963 0.740695 0.839063 0.746797 0.839785
0 0.719211 0.731641 0.726469 0.734180 0.728797 0.734180 0.734602 0.733096 0.738086 0.732363 0.733148 0.729824 0.720664 0.730557 0.716313 0.730557
0 0.677984 0.720752 0.682055 0.722930 0.690180 0.724023 0.691922 0.721846 0.691633 0.721113 0.688148 0.717852 0.685242 0.717852 0.676242 0.717852
0 0.933766 0.689541 0.931445 0.689180 0.925062 0.691357 0.923023 0.697891 0.932898 0.700068 0.935805 0.692813
0 0.889055 0.953018 0.891672 0.953379 0.899508 0.956650 0.906477 0.959912 0.911125 0.961006 0.915766 0.963906 0.918094 0.964268 0.919539 0.961367 0.910539 0.957012 0.899219 0.953018 0.889055 0.950479
0 0.938992 0.914551 0.945383 0.918545 0.952352 0.920352 0.952930 0.915635 0.945383 0.912373
0 0.858867 0.996572 0.853055 0.993662 0.847539 0.993301 0.846672 0.996201 0.849281 0.999473 0.856250 0.999111 0.862641 0.998018
0 0.995031 0.894951 0.995031 0.894951 0.991547 0.894229 0.980805 0.892051 0.967445 0.890596 0.953508 0.890596 0.947414 0.893496 0.937547 0.894590 0.927961 0.894590 0.936383 0.902939 0.945094 0.904756 0.956414 0.904756 0.969773 0.904023 0.991836 0.904756
0 0.993578 0.927979 0.976156 0.926523 0.963672 0.925801 0.952930 0.927979 0.953508 0.935957 0.950031 0.942129 0.967445 0.943945 0.978773 0.945762
0 1.000000 0.958730 0.994445 0.957734 0.984289 0.958096 0.969187 0.960273 0.957867 0.954473 0.948867 0.955557 0.952352 0.962822 0.960773 0.965361 0.980805 0.968623 0.990961 0.968623 1.000000 0.959385
0 0.927672 0.963184 0.937836 0.963184 0.942766 0.963184 0.937547 0.959551 0.927961 0.959551 0.921867 0.959551
0 0.878023 0.966807 0.894570 0.966084 0.887312 0.964268 0.877445 0.963906 0.876867 0.961729 0.879477 0.959912 0.868734 0.958828 0.857992 0.957373 0.846383 0.957012 0.840859 0.957012 0.849281 0.951934 0.854508 0.950479 0.857703 0.948662 0.846672 0.942129 0.842602 0.940312 0.836508 0.938135 0.829828 0.935234 0.822281 0.933789 0.811250 0.930518 0.804859 0.926523 0.791797 0.923623 0.782508 0.927617 0.792664 0.934873 0.797312 0.938135 0.794117 0.940684 0.786570 0.946484 0.785992 0.954834 0.781922 0.958467 0.772633 0.964268 0.778734 0.968623 0.788312 0.969717
0 0.803414 0.877168 0.796445 0.869189 0.798187 0.862285 0.800797 0.854668 0.803117 0.847051 0.803992 0.840156 0.795570 0.839063 0.792086 0.840518 0.787445 0.840879 0.786281 0.846318 0.782219 0.849951 0.780766 0.854307 0.780766 0.856846 0.780766 0.863740 0.777281 0.868818 0.780180 0.874629 0.783086 0.878262 0.786570 0.882979 0.793250 0.883701 0.802828 0.884062 0.803992 0.884062 0.807477 0.887695 0.810375 0.888418 0.806312 0.881885
0 0.813281 0.892412 0.805148 0.892412 0.797891 0.892412 0.793828 0.891318 0.799633 0.899307 0.807477 0.900400 0.819375 0.900400 0.825766 0.901484 0.829539 0.907295 0.843477 0.909473 0.845219 0.907656 0.844641 0.902939 0.835633 0.900029 0.831281 0.896768 0.824312 0.890596 0.812703 0.890234
0 0.846961 0.896045 0.853930 0.895674 0.866125 0.897129 0.883250 0.899668 0.891094 0.901123 0.898352 0.902578 0.890508 0.904756 0.879477 0.902578 0.869313 0.902578 0.862344 0.902939 0.849570 0.903662 0.846086 0.898584
