0 0.899453 0.839619 0.894773 0.850342 0.890094 0.866914 0.892437 0.878604 0.895555 0.883477 0.900234 0.878604 0.902570 0.855215 0.909586 0.834746
0 0.808227 0.816230 0.808227 0.845469 0.808227 0.855215 0.817578 0.862031 0.823820 0.829873 0.823820 0.808428
0 0.145461 0.761650 0.145461 0.745078 0.132203 0.723633 0.118164 0.718760 0.079961 0.698291 0.077617 0.679775 0.098672 0.671973 0.099453 0.651514 0.079961 0.647607 0.064367 0.645664 0.044875 0.642734 0.032398 0.664180 0.032398 0.673926 0.037852 0.695371 0.017578 0.717783 0.021484 0.738252 0.040195 0.745078 0.045648 0.718760 0.097117 0.722656 0.097117 0.744102 0.084641 0.763594 0.098672 0.773340 0.118945 0.774316
0 0.282687 0.996543 0.282687 0.990693 0.278008 0.978018 0.270211 0.973145 0.269437 0.977041 0.269437 0.996543 0.267219 1.000000 0.271062 1.000000
0 0.126742 0.994687 0.127523 0.992734 0.128305 0.988838 0.119727 0.987861 0.100234 0.985918 0.092437 0.992734 0.069047 0.992734 0.068266 0.993711 0.070273 1.000000 0.093211 1.000000
0 0.055789 0.840596 0.067484 0.863984 0.052672 0.880557 0.038633 0.912715 0.016805 0.913691 0.009008 0.920518 0.000000 0.922207 0.000000 0.901729 0.001984 0.895176 0.005109 0.876660 0.020703 0.846445 0.025383 0.827920 0.049555 0.839619 0.042531 0.852285 0.042531 0.856191
0 0.593797 0.813301 0.645266 0.806484 0.657734 0.795762 0.653062 0.769443 0.622648 0.763594 0.588344 0.761650 0.578984 0.787959 0.594578 0.798682
0 0.851109 0.696348 0.839414 0.729482 0.839414 0.747021 0.847992 0.758721 0.864367 0.737275 0.864367 0.709014 0.852672 0.688545
0 0.893992 0.498486 0.890875 0.508232 0.882297 0.534551 0.879961 0.552090 0.879961 0.573535 0.898672 0.568662 0.895555 0.525781 0.906469 0.504336 0.898672 0.485820
0 0.910367 0.688545 0.907250 0.704141 0.907250 0.727529 0.914266 0.744102 0.922063 0.709990 0.910367 0.675879
