0 0.739617 0.972227 0.747492 0.982070 0.748430 0.987461 0.747867 0.991670 0.750680 0.994248 0.743367 0.999170 0.741680 0.996357 0.742430 0.991201 0.737742 0.984883 0.736242 0.979961 0.739055 0.973867
0 0.945992 0.923965 0.945430 0.927246 0.944492 0.930752 0.950109 0.932158 0.951047 0.927246 0.948242 0.923965
0 0.763047 0.973633 0.767922 0.976211 0.769422 0.982070 0.770734 0.990029 0.774672 0.994248 0.774672 0.999404 0.773984 1.000000 0.770969 1.000000 0.767734 0.996123 0.764922 0.992373 0.760984 0.988154 0.759859 0.976211 0.760609 0.969414 0.764172 0.967539
0 0.711125 0.941533 0.713938 0.947393 0.712031 0.953906 0.713750 0.963320 0.713938 0.971055 0.716000 0.974570 0.720313 0.966836 0.720875 0.955361 0.720125 0.946689 0.714125 0.941533 0.707008 0.938486
0 0.275906 0.997500 0.277367 0.988574 0.277203 0.976035 0.275742 0.966904 0.263430 0.964268 0.257117 0.966904 0.258086 0.973604 0.261648 0.983711 0.262133 0.991631 0.263273 0.998086 0.266562 1.000000 0.274445 1.000000 0.275422 0.999502
0 0.250469 0.966494 0.250633 0.971357 0.253711 0.977832 0.253875 0.977832 0.255656 0.971963 0.253547 0.965889 0.251117 0.964893
0 0.242531 0.963682 0.239133 0.969961 0.242695 0.977432 0.246422 0.983125 0.250148 0.979053 0.246750 0.969336 0.242859 0.964063
0 0.224875 0.966494 0.226008 0.970342 0.227305 0.975605 0.227789 0.979678 0.231195 0.977832 0.230547 0.970752 0.228281 0.966318
0 0.205922 0.969336 0.206250 0.976221 0.206250 0.983711 0.209969 0.986563 0.210945 0.977832 0.211594 0.971357 0.207219 0.967910
0 0.224875 0.936934 0.225687 0.944648 0.225852 0.946445 0.224875 0.951104 0.228437 0.950723 0.229898 0.945664 0.231195 0.943008 0.230063 0.937949 0.226984 0.937559
0 0.175305 0.968115 0.175789 0.971172 0.175789 0.975830 0.175789 0.978262 0.178703 0.978262 0.180977 0.973994 0.181297 0.968926 0.178703 0.965684 0.173359 0.965283
0 0.194258 0.968545 0.194422 0.973398 0.195719 0.977432 0.197984 0.976035 0.198633 0.971357 0.193289 0.968545
0 0.151008 0.967910 0.150680 0.973184 0.151812 0.977051 0.154406 0.977432 0.154891 0.971758 0.151812 0.967324
0 0.156836 0.966113 0.156836 0.971357 0.158945 0.975410 0.160727 0.976621 0.162344 0.973604 0.162023 0.969756 0.157648 0.967100
0 0.109531 0.968740 0.108719 0.972187 0.111148 0.975605 0.114070 0.975000 0.114070 0.970146 0.110664 0.968320
0 0.117305 0.970342 0.116820 0.974824 0.120063 0.977637 0.121031 0.979473 0.120875 0.983711 0.123789 0.981279 0.123789 0.975410 0.124273 0.971562 0.119734 0.968320 0.117148 0.968740
0 0.128164 0.930068 0.129461 0.930068 0.129617 0.933486 0.130430 0.936348 0.133836 0.936348 0.135937 0.936348 0.137234 0.933291 0.133836 0.931279 0.131562 0.928018 0.128812 0.927637
0 0.146469 0.937559 0.148250 0.943818 0.150680 0.947666 0.150844 0.947666 0.151812 0.941201 0.150844 0.937744 0.147930 0.935918
0 0.153594 0.936523 0.154727 0.941006 0.156352 0.945664 0.159102 0.944219 0.159266 0.939990 0.160078 0.936729 0.157648 0.934707 0.153922 0.935918
0 0.162180 0.934102 0.162180 0.937354 0.164938 0.941787 0.166391 0.942217 0.168336 0.947256 0.176117 0.945439 0.176273 0.938574 0.175141 0.934297 0.170281 0.935127 0.169633 0.939785 0.167203 0.936143 0.161859 0.935312
0 0.163312 0.919541 0.162672 0.924199 0.164453 0.929443 0.165422 0.930859 0.166883 0.932500 0.168336 0.932275 0.168664 0.928633 0.167531 0.923770 0.166391 0.920547
0 0.170609 0.919336 0.170445 0.924580 0.171898 0.927637 0.172391 0.927842 0.174172 0.925596 0.175789 0.924580 0.173687 0.921543 0.171742 0.920752
0 0.198469 0.920752 0.198469 0.925205 0.199445 0.930273 0.203492 0.930068 0.205109 0.928428 0.204953 0.925410 0.199602 0.922559 0.199117 0.920547
0 0.180812 0.937129 0.180977 0.943008 0.181297 0.949307 0.184211 0.950518 0.185836 0.948291 0.186320 0.943008 0.186641 0.938350 0.185508 0.935312 0.180328 0.935127
0 0.191828 0.936934 0.192641 0.941592 0.192641 0.946045 0.193609 0.948477 0.197016 0.946650 0.198305 0.941387 0.197984 0.937559 0.192641 0.935918
0 0.199445 0.935713 0.200734 0.938779 0.201383 0.938955 0.202844 0.940176 0.204789 0.938145 0.203977 0.936143 0.198148 0.935127
0 0.209969 0.940781 0.215477 0.945029 0.214992 0.946875 0.211266 0.947461 0.208031 0.947080 0.206734 0.942803 0.205273 0.939785 0.204953 0.935713 0.208680 0.935918 0.209969 0.938574
0 0.008766 0.963887 0.012820 0.968115 0.017844 0.970752 0.018812 0.972393 0.017195 0.976221 0.011195 0.974824 0.005852 0.975830 0.000180 0.975830 0.001805 0.972187 0.005531 0.971963 0.006336 0.969961 0.006820 0.965283 0.007312 0.962666
0 0.007469 0.948086 0.007312 0.953740 0.008930 0.958604 0.013953 0.964268 0.014602 0.960625 0.013469 0.955156 0.013305 0.950908 0.010875 0.948682 0.009094 0.947871
0 0.010391 0.911621 0.010391 0.908604 0.010547 0.900889 0.011359 0.897041 0.013305 0.891973 0.012820 0.887949 0.010875 0.888154 0.008445 0.894814 0.007633 0.904531 0.007312 0.909395 0.007312 0.915469 0.008445 0.913643
0 0.005203 0.887520 0.005203 0.892178 0.006016 0.899268 0.004719 0.904131 0.004719 0.908174 0.003258 0.913643 0.001805 0.917285 0.000000 0.913906 0.000000 0.895811 0.001961 0.889951 0.003750 0.884307 0.006180 0.882256 0.008445 0.885723 0.008117 0.889951 0.006664 0.895010 0.006016 0.897041
0 0.014602 0.890156 0.015086 0.894814 0.015734 0.902705 0.013789 0.907773 0.013469 0.916279 0.012977 0.921943 0.016383 0.913262 0.016547 0.907773 0.017844 0.903115 0.018812 0.900303 0.021242 0.898887 0.019625 0.894404 0.017680 0.890762
0 0.030312 0.832871 0.031773 0.837119 0.027883 0.840742 0.027398 0.845605 0.027719 0.847627 0.024320 0.838516 0.025781 0.836514 0.028531 0.833857
0 0.024969 0.845000 0.026914 0.848037 0.028367 0.852490 0.028367 0.856963 0.027070 0.861807 0.024641 0.863828 0.022859 0.857568 0.023352 0.852109 0.024969 0.841553
0 0.012492 0.844189 0.015406 0.853320 0.013789 0.864844 0.013469 0.872559 0.009258 0.876807 0.006500 0.878408 0.000344 0.878818 0.000000 0.876309 0.000000 0.853926 0.004719 0.845605 0.009094 0.844189
0 0.022703 0.825352 0.022703 0.828389 0.021078 0.831836 0.019461 0.838115 0.020430 0.842363 0.023508 0.839551 0.023672 0.832646 0.023672 0.828389 0.024156 0.826768
0 0.025617 0.802471 0.024484 0.804902 0.024484 0.814014 0.025781 0.817656 0.027883 0.813408 0.028367 0.809150 0.028531 0.805508 0.026750 0.801660
0 0.033391 0.797207 0.029992 0.798223 0.029508 0.802471 0.035172 0.803281 0.039062 0.801055 0.038250 0.798643 0.035656 0.797607
0 0.035336 0.711133 0.033273 0.713398 0.033641 0.717793 0.036781 0.718848 0.038844 0.720361 0.038844 0.725801 0.040656 0.729287 0.040539 0.733213 0.042469 0.735029 0.042953 0.732012 0.047797 0.733066 0.048281 0.728223 0.047672 0.726709 0.047313 0.725352 0.048766 0.722021 0.049852 0.717187 0.049852 0.712490 0.050461 0.709316 0.048883 0.707197 0.045617 0.709316 0.039445 0.708564 0.035453 0.708408 0.032063 0.708408
0 0.053445 0.689590 0.055008 0.688223 0.056180 0.687930 0.055633 0.685195 0.053289 0.685195 0.052039 0.686074 0.052977 0.690664
0 0.056258 0.679434 0.057242 0.677334 0.058078 0.675234 0.057937 0.671562 0.057242 0.668057 0.058359 0.662988 0.059203 0.659307 0.060602 0.654580 0.061578 0.651084 0.061719 0.648633 0.061023 0.647236 0.058078 0.649512 0.057523 0.656689 0.057102 0.661934 0.055844 0.665781 0.055281 0.669990 0.054023 0.674014 0.052062 0.674189 0.051359 0.677158 0.055844 0.678740
0 0.062703 0.646006 0.062844 0.641631 0.063961 0.637783 0.065359 0.636035 0.064242 0.633760 0.061023 0.640059 0.060320 0.642861 0.060461 0.646709
0 0.066898 0.624834 0.068164 0.623779 0.069141 0.624834 0.070125 0.626230 0.070258 0.620107 0.070680 0.616777 0.071242 0.614160 0.069281 0.613105 0.068859 0.610303 0.066484 0.614326 0.065641 0.618184 0.063680 0.622207 0.064102 0.625703 0.065781 0.626582
0 0.072078 0.593154 0.070125 0.593154 0.069422 0.593857 0.069562 0.597705 0.069703 0.598750 0.071523 0.599453 0.071945 0.598926 0.074461 0.597178 0.073766 0.594902 0.073484 0.594375
0 0.323969 0.537627 0.324945 0.545928 0.326398 0.547139 0.327539 0.543496 0.328023 0.542080 0.330289 0.542686 0.333367 0.544512 0.336125 0.544512 0.334180 0.538428 0.329969 0.536406 0.322352 0.534180 0.320570 0.533574 0.316031 0.533369 0.314898 0.535195 0.313117 0.541875 0.316195 0.545117 0.318953 0.543896 0.320406 0.539043 0.322031 0.537822
0 0.308422 0.536006 0.307609 0.540459 0.305344 0.544102 0.303883 0.544912 0.304531 0.540664 0.302422 0.544512 0.300156 0.545723 0.298211 0.539238 0.299187 0.537217 0.304367 0.536611 0.308258 0.536611
0 0.696242 0.990430 0.700070 1.000000 0.709242 1.000000 0.708836 0.994932 0.561781 0.615488 0.557734 0.600869 0.554586 0.599189 0.551438 0.592998 0.543344 0.586260 0.538391 0.584004 0.537047 0.582881 0.539742 0.592998 0.545141 0.601992 0.550539 0.607051 0.555031 0.621670 0.556836 0.631230 0.561781 0.634033 0.561781 0.634033
0 0.651578 0.952676 0.651148 0.946982 0.649195 0.942646 0.648977 0.937227 0.649414 0.931533 0.640953 0.929092 0.636398 0.929902 0.630758 0.930723 0.634445 0.934248 0.639219 0.935332 0.643125 0.938311 0.643125 0.945088 0.645289 0.952676 0.647242 0.956201 0.650930 0.954580
0 0.641172 0.942373 0.635313 0.941289 0.633797 0.945088 0.634664 0.952949 0.635102 0.954307 0.638781 0.952139 0.640086 0.950234 0.640523 0.944277
0 0.625125 0.931533 0.628812 0.938037 0.630977 0.945088 0.632711 0.949697 0.633359 0.951592 0.631195 0.954307 0.629023 0.949697 0.625992 0.945088 0.620781 0.936953 0.622086 0.927734 0.624469 0.927471
0 0.516719 0.558896 0.514844 0.557959 0.507344 0.555850 0.507156 0.558662 0.508281 0.562178 0.513719 0.564521 0.516531 0.559600
0 0.532273 0.578115 0.530773 0.578350 0.530961 0.583740 0.532648 0.583975 0.535086 0.582803 0.536586 0.581396 0.534336 0.577646
0 0.507531 0.548594 0.508094 0.550937 0.510156 0.552109 0.512969 0.551172 0.512969 0.545547 0.509969 0.540625 0.507531 0.535937 0.506406 0.532656 0.504719 0.528203 0.504531 0.522588 0.504344 0.510166 0.504344 0.506182 0.506031 0.502666 0.512969 0.500791 0.513906 0.500791 0.516531 0.500791 0.520656 0.497979 0.520469 0.495635 0.512031 0.493301 0.507156 0.492832 0.506406 0.489551 0.505656 0.483926 0.505656 0.477129 0.506406 0.469863 0.505281 0.464717 0.504531 0.462842 0.498531 0.472207 0.497227 0.481113 0.496289 0.486504 0.494227 0.493066 0.494414 0.495176 0.497406 0.495410 0.499094 0.500557 0.495539 0.500791 0.493102 0.500557 0.495352 0.508057 0.495539 0.511104 0.495539 0.518369 0.495352 0.522822 0.497039 0.527500 0.499281 0.530312 0.502469 0.537578 0.505844 0.540859 0.507156 0.544141
0 0.497969 0.453701 0.497594 0.451592 0.496664 0.449014 0.498156 0.449248 0.497227 0.447373 0.495539 0.442920 0.497227 0.441279 0.496664 0.436592 0.494227 0.436592 0.492539 0.436826 0.489727 0.439639 0.489539 0.443154 0.490289 0.444795 0.491414 0.445732 0.493102 0.452295 0.493852 0.453467 0.496477 0.455342
0 0.497227 0.425117 0.495164 0.424883 0.493102 0.428164 0.491789 0.432383 0.493102 0.433320 0.493852 0.434258 0.494789 0.435195 0.496289 0.434492 0.497406 0.429336 0.496664 0.426992
0 0.512406 0.412461 0.510719 0.412461 0.507719 0.412930 0.506594 0.415742 0.506594 0.416211 0.508469 0.416445 0.510719 0.416445 0.512781 0.416914 0.512594 0.412227
0 0.503031 0.416914 0.500406 0.417852 0.500406 0.419492 0.502281 0.421367 0.505094 0.421133 0.506031 0.418320 0.505094 0.417852
0 0.631242 0.260635 0.628992 0.266494 0.625992 0.276572 0.625242 0.287344 0.623367 0.297656 0.619617 0.307734 0.619430 0.315928 0.616625 0.325068 0.614000 0.333740 0.611563 0.342881 0.610812 0.351543 0.610437 0.361152 0.603500 0.372168 0.600125 0.374512 0.596000 0.377549 0.587195 0.379424 0.584758 0.382705 0.581008 0.383174 0.581945 0.378252 0.589633 0.377314 0.594875 0.374512 0.601438 0.362793 0.603688 0.356230 0.604812 0.351309 0.605750 0.342646 0.605750 0.334912 0.606875 0.329990 0.608000 0.321787 0.609687 0.314297 0.611750 0.308203 0.613438 0.301406 0.615313 0.292734 0.616625 0.285703 0.617742 0.274229 0.618117 0.266963 0.619617 0.262510 0.622055 0.258994
0 0.534898 0.224795 0.541648 0.227363 0.545023 0.228535 0.547828 0.229473 0.552891 0.230410 0.557391 0.232520 0.561328 0.233691 0.565078 0.235332 0.569203 0.237441 0.566953 0.239785 0.558328 0.239316 0.554578 0.238613 0.547453 0.235332 0.542586 0.232520 0.536023 0.229238 0.531898 0.227363
0 0.522336 0.243066 0.523648 0.243066 0.524398 0.244473 0.524398 0.247285 0.519906 0.247988 0.516156 0.247520 0.513906 0.246582 0.514094 0.242598 0.519531 0.240957 0.522336 0.241191
0 0.493852 0.246816 0.494977 0.248223 0.492914 0.251035 0.491414 0.250566 0.488414 0.247988 0.492164 0.246816 0.494789 0.246816
0 0.483352 0.249629 0.486352 0.249629 0.489352 0.250332 0.487664 0.252207 0.484852 0.252676 0.480914 0.250801 0.484289 0.248926
0 0.476602 0.250566 0.479414 0.251504 0.479602 0.252910 0.478289 0.253848 0.475102 0.253379 0.474539 0.252441 0.475477 0.249863
0 0.469484 0.251738 0.472109 0.254316 0.472859 0.256416 0.470984 0.257588 0.470047 0.257119 0.468734 0.255947 0.467984 0.255254 0.469859 0.251973
0 0.427117 0.263213 0.435367 0.262510 0.438742 0.261572 0.436305 0.265088 0.429180 0.265088 0.423750 0.265088 0.426555 0.260166 0.432367 0.259463 0.436117 0.259463 0.438367 0.262275
0 0.920875 0.872646 0.922563 0.873115 0.925555 0.879209 0.928180 0.880850 0.930617 0.881553 0.932117 0.886006 0.927805 0.886943 0.925930 0.886709 0.921250 0.882490 0.922000 0.878271 0.920687 0.873818
0 0.907750 0.841250 0.907563 0.843125 0.907563 0.845703 0.910000 0.847812 0.910562 0.847812 0.910937 0.843594 0.908687 0.841484
0 0.902125 0.826260 0.902313 0.828369 0.904562 0.832354 0.906250 0.834229 0.907375 0.833525 0.907000 0.830010 0.903250 0.826025 0.902500 0.826025
