0 0.101766 0.800742 0.100781 0.801963 0.100781 0.805996 0.104148 0.805996 0.107648 0.804766 0.111008 0.803193 0.114086 0.803018 0.117867 0.801963 0.122625 0.800918 0.128930 0.798994 0.130609 0.797939 0.129211 0.796543 0.126969 0.795840 0.120945 0.795312 0.115344 0.797236 0.110586 0.799512 0.108625 0.800918 0.104281 0.800215 0.101344 0.800215
0 0.069281 0.787090 0.066344 0.786914 0.063961 0.788311 0.065359 0.791992 0.069141 0.794443 0.071383 0.794443 0.072922 0.793389 0.072922 0.790068 0.070125 0.787617
0 0.645867 0.678818 0.648289 0.679893 0.650242 0.680479 0.654617 0.681650 0.658445 0.683701 0.660633 0.685361 0.661570 0.686240 0.659539 0.687998 0.655086 0.687705 0.652508 0.685557 0.649305 0.683018 0.645164 0.681553 0.641336 0.679893 0.642039 0.677939 0.645633 0.677744
0 0.962836 0.724346 0.963391 0.725918 0.965914 0.726621 0.966891 0.728721 0.966758 0.731172 0.963531 0.731348 0.962555 0.732568 0.960594 0.733447 0.955414 0.733799 0.957375 0.731875 0.959750 0.730469 0.961438 0.727324 0.961852 0.724346
0 0.851680 0.644580 0.846445 0.643340 0.846352 0.646162 0.848344 0.648193 0.851875 0.647969 0.853406 0.646836 0.852766 0.645146
0 0.856203 0.642324 0.857930 0.642656 0.860547 0.644805 0.861273 0.646279 0.863078 0.645938 0.863703 0.644238 0.864523 0.642324 0.863891 0.641299 0.860719 0.640508 0.855672 0.640508 0.855125 0.641865
0 0.971500 0.658271 0.973609 0.660098 0.976039 0.661104 0.977336 0.663740 0.975555 0.665566 0.972633 0.663535 0.971016 0.661719 0.968422 0.660703 0.969719 0.655439 0.972797 0.657871
0 0.192352 0.782539 0.188297 0.782012 0.185352 0.782188 0.188016 0.789014 0.192633 0.785342 0.192492 0.783242
0 0.160992 0.787969 0.156930 0.787793 0.155953 0.790937 0.151750 0.791465 0.150766 0.791289 0.149508 0.793037 0.153148 0.794961 0.157914 0.793916 0.162531 0.792861 0.163367 0.789365 0.160852 0.787441
0 0.068023 0.817197 0.064523 0.817197 0.054719 0.817539 0.052477 0.815615 0.058219 0.812471 0.064242 0.811416 0.068305 0.808789 0.074883 0.807744 0.077406 0.808789 0.076422 0.811592 0.073766 0.812646 0.074320 0.816143 0.074320 0.817891 0.069844 0.817891
0 0.267250 0.802188 0.264641 0.809082 0.262898 0.822881 0.262898 0.831953 0.262898 0.842109 0.262609 0.848643 0.259414 0.857715 0.257961 0.866064 0.255930 0.870059 0.254477 0.879492 0.253898 0.888926 0.253031 0.899092 0.250703 0.906348 0.249250 0.911064 0.245187 0.916875 0.240836 0.921953 0.234734 0.926670 0.215578 0.936104 0.214703 0.936836 0.207156 0.940459 0.195828 0.944814 0.183930 0.946631 0.176086 0.949531 0.170867 0.954248 0.165344 0.958975 0.160703 0.962236 0.154602 0.966230 0.150539 0.968408 0.149672 0.971309 0.146187 0.971309 0.141828 0.974580 0.138633 0.978564 0.135445 0.982197 0.135445 0.984014 0.135445 0.988369 0.127891 0.988369 0.127312 0.987637 0.127602 0.979658 0.127602 0.972764 0.127312 0.962598 0.127312 0.955342 0.129344 0.955342 0.133117 0.964053 0.133414 0.967676 0.133414 0.971309 0.136898 0.972031 0.141539 0.970586 0.144734 0.968047 0.147641 0.965508 0.151414 0.963691 0.156344 0.962236 0.161281 0.958604 0.165055 0.955703 0.167086 0.951709 0.172023 0.948809 0.175508 0.946992 0.183055 0.944453 0.190312 0.941914 0.198445 0.939375 0.207156 0.936836 0.213250 0.933203 0.219930 0.929570 0.226023 0.926309 0.234445 0.921230 0.239094 0.915420 0.241125 0.908164 0.241992 0.902354 0.245477 0.891465 0.247805 0.873320 0.249547 0.866787 0.250703 0.862070 0.252156 0.852637 0.255063 0.847197 0.255930 0.839932 0.255352 0.833770 0.256805 0.826143 0.257672 0.819971 0.259414 0.811631 0.260867 0.803281 0.261445 0.798564 0.262898 0.798203
0 0.199914 0.766787 0.198234 0.766787 0.194031 0.765908 0.193195 0.767314 0.194312 0.770293 0.198094 0.771162 0.199914 0.767842
0 0.173875 0.767842 0.177789 0.771514 0.180313 0.771865 0.184516 0.773613 0.188297 0.775010 0.189414 0.775537 0.190391 0.777109 0.190391 0.777813 0.184656 0.778164 0.180594 0.776768 0.175133 0.774492 0.168687 0.772217 0.169813 0.767490 0.171070 0.766787
0 0.195711 0.777109 0.198234 0.776943 0.202437 0.778867 0.203836 0.781318 0.204531 0.782363 0.200195 0.783418 0.197391 0.782539 0.194734 0.780439 0.192492 0.777988
0 0.208039 0.782188 0.208875 0.782715 0.212375 0.783418 0.214477 0.785342 0.219094 0.784990 0.221898 0.784639 0.224133 0.785166 0.224836 0.788311 0.222594 0.791113 0.218398 0.789893 0.214055 0.788145 0.209297 0.787969 0.205234 0.786563 0.206492 0.782715
