0 0.019398 0.930703 0.015625 0.930703 0.010687 0.932881 0.010398 0.936865 0.019688 0.938320 0.024039 0.936504 0.022883 0.930332 0.014750 0.929248
0 0.869430 0.941768 0.864789 0.938867 0.862750 0.938867 0.861883 0.944307 0.868273 0.946846 0.872047 0.944668
0 0.895273 0.974072 0.891500 0.973701 0.886852 0.974795 0.887430 0.978789 0.892078 0.981689 0.894109 0.978418
0 0.975836 0.976484 0.972070 0.976484 0.970820 0.979307 0.974328 0.980566 0.976336 0.983389 0.986375 0.984014 0.986875 0.980879 0.984367 0.978057 0.981359 0.978369 0.978594 0.977119
0 0.962289 0.957666 0.965297 0.960801 0.965297 0.964883 0.969313 0.968643 0.972070 0.969277 0.972570 0.967080 0.973078 0.963945 0.968305 0.957666 0.968562 0.955156 0.961031 0.954844
0 0.943211 0.945439 0.941211 0.945439 0.937445 0.945439 0.934430 0.945752 0.937945 0.948262 0.939203 0.949512 0.945977 0.949824 0.950492 0.949824 0.956016 0.949824 0.957766 0.950137 0.962289 0.950771 0.960531 0.948262 0.958773 0.947002 0.962031 0.945439 0.963789 0.945439 0.959273 0.941982 0.950242 0.942295 0.950492 0.943242 0.953758 0.944805 0.949742 0.945127
0 0.932422 0.947002 0.929914 0.945752 0.927156 0.948574 0.929914 0.952646 0.934430 0.953281 0.937445 0.954844 0.938695 0.952646 0.936945 0.949199 0.933430 0.946689
0 0.945219 0.934775 0.943469 0.935088 0.942461 0.936650 0.941711 0.940107 0.945727 0.944492 0.947484 0.942617 0.947984 0.941357 0.945477 0.937598
0 0.906328 0.923789 0.900555 0.922852 0.891523 0.921914 0.887508 0.921914 0.887508 0.924424 0.889766 0.928184 0.891523 0.929121 0.895789 0.929121 0.900055 0.929121 0.905828 0.929121 0.911094 0.930693 0.914859 0.931953 0.917117 0.932578 0.919125 0.935713 0.924148 0.939473 0.924898 0.940732 0.928156 0.942930 0.930672 0.943867 0.933680 0.944805 0.936945 0.945439 0.938953 0.944492 0.940203 0.940107 0.938695 0.937910 0.934430 0.939160 0.928414 0.937910 0.926406 0.935713 0.923641 0.932578 0.920633 0.929756 0.918125 0.928184 0.914109 0.925674
0 0.889266 0.911875 0.887008 0.911563 0.882492 0.911563 0.878227 0.911563 0.881234 0.916270 0.885000 0.918145 0.891273 0.919092 0.893781 0.917832 0.896797 0.917832 0.893781 0.914072 0.890266 0.911875
0 0.879727 0.904658 0.874211 0.906230 0.875719 0.908105 0.879984 0.910937 0.883242 0.911250 0.885250 0.909678 0.877727 0.901836
0 0.569633 0.961396 0.567625 0.963594 0.563109 0.963594 0.561102 0.963594 0.556336 0.963906 0.553320 0.962969 0.548555 0.965791 0.540023 0.966104 0.530234 0.966416 0.521203 0.969873 0.518195 0.970498 0.524211 0.979277 0.534000 0.984922 0.541281 0.986182 0.553828 0.983984 0.557836 0.978652 0.565617 0.978340 0.568633 0.973945 0.564109 0.972070 0.556586 0.971748 0.557336 0.971123 0.564867 0.971123 0.570383 0.971123 0.571391 0.965479 0.569633 0.962656
0 0.218945 0.889180 0.221266 0.889541 0.225617 0.890273 0.228813 0.888096 0.227648 0.884463 0.219813 0.883379 0.217781 0.882285 0.212555 0.881201 0.211102 0.885186 0.219234 0.889912
0 0.172984 0.852676 0.175594 0.852676 0.181695 0.851582 0.193016 0.852314 0.195922 0.852314 0.190695 0.849043 0.185180 0.846865 0.177625 0.845049 0.171820 0.846504 0.169211 0.849043 0.168625 0.853760
0 0.098367 0.925986 0.101852 0.925986 0.104172 0.927793 0.107367 0.923809 0.108531 0.920537 0.109109 0.917998 0.100687 0.919814 0.094883 0.923809
0 0.225531 0.959004 0.235117 0.959365 0.239180 0.959365 0.246148 0.959365 0.252531 0.959736 0.260664 0.960820 0.260953 0.957559 0.259789 0.956104 0.251953 0.953564 0.247602 0.953564 0.240922 0.953564 0.234820 0.953203 0.230180 0.953203 0.225531 0.953203 0.224953 0.952109 0.221758 0.947031 0.217695 0.949932 0.219727 0.952109 0.220016 0.956465
0 0.271695 0.964092 0.275180 0.964453 0.280117 0.964814 0.282438 0.965537 0.285922 0.966270 0.291148 0.966992 0.298117 0.967354 0.298406 0.968809 0.301016 0.969893 0.303633 0.967715 0.297539 0.964453 0.290273 0.963359 0.283312 0.960098 0.276633 0.959736 0.270242 0.959736 0.267633 0.961182
0 0.285344 0.974980 0.283312 0.976787 0.281570 0.980059 0.285344 0.982236 0.287664 0.977520
0 0.259500 0.992754 0.256016 0.994570 0.251375 0.996387 0.249344 0.998926 0.249344 0.998926 0.249242 1.000000 0.258633 1.000000 0.259500 0.997109
0 0.328891 0.952471 0.334117 0.953926 0.337313 0.953564 0.339344 0.949570 0.333539 0.949209 0.332375 0.949209 0.328313 0.952471
0 0.315242 0.957559 0.320469 0.958643 0.321922 0.959004 0.320766 0.955020 0.313797 0.952842 0.311758 0.951748 0.305664 0.949209 0.303344 0.947754 0.299273 0.945215 0.294055 0.945215 0.287375 0.945576 0.283602 0.945576 0.280695 0.947754 0.284469 0.949209 0.287953 0.949209 0.289984 0.952471 0.295797 0.957187 0.299570 0.955381 0.306828 0.956104 0.315828 0.960098
0 0.287086 0.942676 0.280406 0.940137 0.277789 0.941582 0.280406 0.944854 0.285344 0.944492
0 0.271406 0.935420 0.270242 0.937959 0.276047 0.942314 0.276922 0.938320 0.274016 0.935059
0 0.243461 0.948604 0.243820 0.947090 0.246727 0.945273 0.246844 0.942246 0.242367 0.943008 0.240555 0.945879 0.237164 0.946035 0.240914 0.949658
0 0.256164 0.930146 0.254836 0.929697 0.252055 0.929844 0.251570 0.932109 0.254352 0.933945 0.257258 0.934990 0.257133 0.930605
0 0.265484 0.933174 0.263063 0.933779 0.262820 0.937861 0.267055 0.938623 0.269359 0.937559 0.266937 0.933486
0 0.267055 0.923789 0.268633 0.923799 0.271047 0.922285 0.273711 0.921680 0.276859 0.921826 0.278797 0.922129 0.280125 0.921826 0.280250 0.921221 0.282305 0.920312 0.284844 0.920010 0.286539 0.919404 0.289445 0.917891 0.289687 0.916084 0.290047 0.913672 0.288109 0.911084 0.288109 0.910029 0.286180 0.908818 0.282062 0.908818 0.277828 0.906699 0.275766 0.906699 0.273953 0.906260 0.271414 0.904883 0.268266 0.903223 0.264758 0.902168 0.260766 0.902334 0.258461 0.903975 0.256047 0.905039 0.253742 0.905342 0.253742 0.908516 0.253016 0.910479 0.250359 0.911709 0.249266 0.914111 0.253742 0.915479 0.258945 0.912598 0.262820 0.913809 0.265844 0.915781 0.268508 0.916084 0.268875 0.917598 0.265359 0.919707 0.262336 0.920312 0.264391 0.923945
0 0.250898 0.826309 0.254414 0.827520 0.257680 0.824639 0.255133 0.821768 0.251383 0.820557 0.247031 0.822373 0.246789 0.826758 0.252961 0.827822
0 0.222219 0.871982 0.218109 0.873047 0.214602 0.876377 0.218711 0.879248 0.221375 0.876680 0.224641 0.875166 0.220289 0.871680
0 0.431430 0.949619 0.433305 0.949619 0.436117 0.948213 0.436492 0.945869 0.429930 0.943291 0.425992 0.944463 0.426555 0.948916
0 0.450172 0.940010 0.448117 0.939307 0.443430 0.939307 0.441180 0.944463 0.444180 0.946338 0.451859 0.944932 0.450359 0.941650
0 0.488414 0.931104 0.483164 0.931572 0.480727 0.934150 0.482789 0.936963 0.488414 0.937432 0.494602 0.936494 0.500031 0.933916 0.505844 0.931338 0.509594 0.929229 0.513906 0.926426 0.517281 0.925020 0.521586 0.923848 0.521961 0.921270 0.521219 0.918691 0.519531 0.917754 0.506781 0.919395 0.505281 0.922676 0.500031 0.925957 0.494039 0.928057 0.488789 0.929697
0 0.523711 0.822578 0.526141 0.823516 0.529328 0.823047 0.533078 0.822578 0.533828 0.817891 0.531766 0.816484 0.524648 0.816484 0.522586 0.817187 0.519961 0.822578
0 0.610484 0.744375 0.611742 0.746885 0.615250 0.750342 0.618266 0.750967 0.620773 0.750967 0.622781 0.748145 0.622781 0.745010 0.619016 0.743437 0.616508 0.741865 0.611484 0.739990 0.609477 0.742500
0 0.696555 0.791426 0.703328 0.796133 0.704586 0.796758 0.708852 0.798955 0.713117 0.802090 0.718883 0.806797 0.723398 0.808057 0.726164 0.807422 0.727164 0.803350 0.722898 0.798955 0.718133 0.795195 0.712609 0.792061 0.705836 0.788604 0.698055 0.787041
0 0.734945 0.805547 0.732938 0.805547 0.730180 0.807422 0.732437 0.811504 0.734445 0.812754 0.737953 0.815264 0.742977 0.818086 0.752258 0.823740 0.756523 0.825303 0.758781 0.826240 0.759789 0.827812 0.752258 0.828125 0.752258 0.831260 0.755273 0.833145 0.771328 0.836914 0.772836 0.831895 0.770578 0.828125 0.763297 0.822793 0.758031 0.820596 0.754016 0.817773 0.747992 0.814014 0.743477 0.810879
0 0.775594 0.840986 0.772078 0.839414 0.767813 0.837539 0.763805 0.840986 0.766563 0.845996 0.771094 0.846680 0.773828 0.845996 0.776352 0.845068
0 0.788141 0.849141 0.785883 0.847256 0.784375 0.847256 0.781367 0.846943 0.783375 0.853223 0.785133 0.854473
0 0.851398 0.892051 0.857422 0.892988 0.858930 0.892988 0.864953 0.896133 0.865453 0.899268 0.869469 0.899580 0.872977 0.900518 0.874484 0.902715 0.873734 0.903340 0.867461 0.903340 0.864445 0.902090 0.860688 0.900830 0.856672 0.898955 0.854414 0.898008 0.852906 0.895811 0.850398 0.894248
0 0.003141 0.941221 0.004594 0.942314 0.007492 0.939414 0.008367 0.937236 0.007492 0.934688 0.004008 0.934688 0.000813 0.937598 0.000523 0.940498
