0 0.839016 0.819258 0.837320 0.818496 0.835141 0.819258 0.835625 0.821523 0.837203 0.823037 0.839859 0.824092 0.841313 0.822891 0.838773 0.818350
0 0.652594 0.826631 0.650719 0.825225 0.646406 0.824990 0.645469 0.826865 0.646219 0.832725 0.650156 0.832725 0.653719 0.828506
0 0.958328 0.816084 0.956758 0.815322 0.954094 0.814873 0.955789 0.819102 0.957609 0.820918 0.961477 0.823037 0.963414 0.822285 0.963172 0.820010 0.960875 0.819102 0.958812 0.818799 0.958812 0.816689
0 0.930016 0.805186 0.928445 0.804277 0.925297 0.803828 0.924086 0.806094 0.927477 0.809121 0.929172 0.808818 0.931344 0.809873 0.933891 0.812598 0.937883 0.812900 0.938125 0.814268 0.942359 0.817285 0.944414 0.816982 0.945625 0.815479 0.948164 0.813662 0.951437 0.814717 0.952281 0.815928 0.952641 0.814570 0.951313 0.812148 0.947195 0.810479 0.946477 0.808369 0.942234 0.809727 0.941750 0.810332 0.938125 0.809873 0.935820 0.808213 0.933281 0.807158 0.930984 0.807158 0.930258 0.805342
0 0.021531 0.421426 0.021047 0.421025 0.018453 0.420215 0.016023 0.422842 0.015055 0.425273 0.015867 0.428496 0.019430 0.428916 0.023805 0.425068 0.022992 0.421836
0 0.921305 0.813057 0.917797 0.812451 0.916344 0.811084 0.917188 0.808818 0.912711 0.807305 0.910047 0.809277 0.906898 0.808066 0.903031 0.807002 0.900609 0.808066 0.903516 0.811240 0.905813 0.811846 0.910531 0.815625 0.914406 0.816387 0.921305 0.815479 0.922273 0.813965
0 0.948461 0.821680 0.947883 0.821680 0.943234 0.821680 0.939750 0.824941 0.942070 0.825674 0.944398 0.826396 0.949039 0.826396 0.952234 0.825313 0.953398 0.822041 0.947883 0.820225
0 0.867938 0.788701 0.865398 0.788848 0.863703 0.790361 0.863219 0.792480 0.864789 0.793994 0.868906 0.795059 0.871930 0.795205 0.873742 0.793389 0.873141 0.790820 0.870602 0.789912 0.869750 0.789609 0.867812 0.788545
0 0.856320 0.786582 0.855352 0.786582 0.851359 0.786582 0.850508 0.788398 0.854625 0.791123 0.857164 0.790361 0.855836 0.785371
0 0.827641 0.780078 0.825586 0.779629 0.822313 0.778418 0.819531 0.778721 0.819172 0.781143 0.821828 0.783711 0.824492 0.783711 0.827641 0.784922 0.830422 0.783711 0.830063 0.780986 0.825945 0.779629
0 0.887172 0.786494 0.884734 0.784150 0.882109 0.784150 0.880047 0.786963 0.883984 0.789541 0.885859 0.791182 0.887172 0.791650 0.887359 0.787432
0 0.991547 0.854980 0.990508 0.854980 0.986867 0.859531 0.988945 0.862139 0.992070 0.863437 0.997789 0.862139 0.997273 0.859531 0.994148 0.854980
0 0.863094 0.829238 0.862250 0.829697 0.862609 0.832109 0.863945 0.832871 0.865758 0.830908 0.864188 0.828330 0.863094 0.828184
0 0.548375 0.880752 0.550063 0.881221 0.553250 0.883564 0.555875 0.883330 0.555688 0.881221 0.553813 0.880049 0.551937 0.878652 0.549312 0.877246 0.547625 0.879355
0 0.966328 0.919375 0.966078 0.918740 0.969836 0.916865 0.971844 0.914043 0.970344 0.908711 0.965320 0.907764 0.963063 0.910898 0.963813 0.912158 0.960305 0.913721 0.961305 0.920000 0.964070 0.919053
0 0.924813 0.757842 0.926992 0.758145 0.929414 0.756328 0.929414 0.754668 0.926141 0.752852 0.923727 0.752998 0.921664 0.755273 0.924086 0.759355 0.926625 0.759512
