0 0.243477 0.859697 0.240352 0.859697 0.237852 0.859697 0.236836 0.861738 0.240586 0.862334 0.243008 0.861650 0.243555 0.859980
0 0.237148 0.837129 0.238555 0.837129 0.240117 0.838789 0.241680 0.838984 0.242227 0.837812 0.243320 0.835371 0.241367 0.834199 0.239023 0.832734 0.236367 0.832734 0.234727 0.837324 0.235273 0.838408 0.235977 0.838789 0.236836 0.839082 0.239570 0.838789 0.239570 0.838594
0 0.999836 0.689209 0.998273 0.689492 0.996555 0.690283 0.995227 0.691260 0.995070 0.693604 0.996945 0.694580 0.999523 0.695840
0 0.879523 0.667520 0.878273 0.668408 0.878039 0.670752 0.880227 0.672705 0.881477 0.670937 0.882023 0.669092 0.880305 0.667334
0 0.419438 0.981348 0.421609 0.980293 0.420039 0.975605 0.414594 0.972119 0.404305 0.973936 0.401039 0.977266 0.399586 0.981201 0.405031 0.983164 0.409750 0.983320 0.415680 0.982412 0.419672 0.981953
0 0.772508 0.893838 0.776727 0.892471 0.778055 0.890811 0.781492 0.890713 0.784305 0.890615 0.784461 0.887393 0.780477 0.886025 0.776883 0.884463 0.774773 0.885732 0.774617 0.888564 0.770867 0.889639 0.767352 0.889639 0.765555 0.890127 0.765242 0.891396 0.769070 0.891982 0.769617 0.893057
0 0.106023 0.874658 0.103836 0.874365 0.100555 0.873486 0.099305 0.876318 0.101570 0.877881 0.102742 0.878662 0.104617 0.879834 0.107430 0.878760 0.108758 0.876025 0.106023 0.874365
0 0.131648 0.885303 0.130086 0.884521 0.128133 0.883838 0.127352 0.887549 0.130633 0.889795 0.132664 0.889795 0.131023 0.883936
0 0.530656 0.483945 0.528547 0.484043 0.527844 0.487070 0.528391 0.489316 0.530891 0.489414 0.532922 0.486875 0.532062 0.484336
0 0.219008 0.929375 0.217227 0.929180 0.216578 0.933633 0.217875 0.937070 0.221117 0.936260 0.222086 0.932412 0.219656 0.928975
0 0.219820 0.938691 0.218688 0.941934 0.218852 0.947607 0.221766 0.949023 0.224523 0.946387 0.225492 0.942744 0.222734 0.939102 0.219500 0.938896
0 0.227922 0.937275 0.228242 0.939912 0.228406 0.944365 0.229867 0.948818 0.233914 0.949629 0.235211 0.947402 0.237320 0.945986 0.232781 0.941328 0.230516 0.938086
0 0.945438 0.675947 0.947539 0.676758 0.950617 0.677979 0.952562 0.678789 0.954508 0.679395 0.952891 0.677979 0.951266 0.676963 0.949648 0.675547 0.946734 0.674326 0.944625 0.674326 0.943812 0.674941
0 0.971516 0.687490 0.974437 0.688506 0.977516 0.688506 0.978000 0.687090 0.976375 0.686680 0.971680 0.685059 0.969734 0.685059
0 0.878047 0.710576 0.872695 0.709971 0.868812 0.713818 0.869461 0.716445 0.874969 0.715234 0.876750 0.712402 0.876750 0.711797
0 0.435648 0.848789 0.432742 0.854600 0.431578 0.860039 0.430711 0.868389 0.429836 0.875645 0.428969 0.884717 0.426938 0.894521 0.424617 0.902861 0.423164 0.910127 0.422000 0.916650 0.421711 0.927178 0.419391 0.936611 0.416195 0.942783 0.415617 0.952217 0.415031 0.964199 0.408352 0.970693 0.400516 0.974688 0.392391 0.979072 0.383094 0.980889 0.377000 0.982344 0.364227 0.988145 0.357258 0.991416 0.351156 0.993955 0.341000 0.997227 0.337047 1.000000 0.336547 1.000000 0.338094 0.996133 0.343898 0.991777 0.351156 0.987783 0.359000 0.984160 0.368000 0.980527 0.376711 0.977988 0.382422 0.974414 0.390000 0.968848 0.397500 0.967285 0.404000 0.963105 0.404867 0.960566 0.407484 0.950410 0.410680 0.940967 0.412133 0.925332 0.413000 0.914111 0.413875 0.907949 0.416484 0.903594 0.418227 0.893428 0.418516 0.887949 0.419391 0.879277 0.421422 0.874922 0.421711 0.863311 0.424320 0.855322 0.424617 0.849512 0.425195 0.845156
0 0.813375 0.735205 0.811891 0.735205 0.811273 0.735400 0.814547 0.736865 0.815875 0.737744 0.817437 0.738623 0.819000 0.739502 0.820953 0.740381 0.822992 0.741064 0.826508 0.743506 0.828148 0.744287 0.829937 0.745361 0.832594 0.747803 0.834625 0.749268 0.836891 0.748486 0.836664 0.746631 0.834234 0.744971 0.831344 0.743994 0.829156 0.742139 0.825484 0.740576 0.824078 0.739893 0.820727 0.738330 0.817523 0.736768 0.815570 0.735693 0.812750 0.735400
0 0.883508 0.657861 0.882336 0.657666 0.881867 0.658936 0.881789 0.661279 0.882805 0.663916 0.885852 0.664590 0.886945 0.662939 0.887102 0.660400 0.886555 0.658447 0.884367 0.657471
0 0.965383 0.724561 0.964289 0.721436 0.964992 0.719766 0.964836 0.717812 0.960305 0.718789 0.961555 0.722119 0.962258 0.724854 0.965695 0.727090
0 0.854711 0.769482 0.850727 0.770166 0.850336 0.772314 0.850562 0.775049 0.854391 0.775928 0.856273 0.773193 0.855328 0.769873
0 0.920109 0.688018 0.921516 0.685664 0.922141 0.683428 0.922141 0.683027 0.918703 0.683223 0.917453 0.683223 0.915734 0.684893 0.914953 0.687041 0.914953 0.687617 0.917141 0.688398 0.920031 0.688311
0 0.342562 0.816523 0.345758 0.817617 0.350406 0.820156 0.353891 0.821240 0.359117 0.824150 0.358828 0.825596 0.357086 0.827051 0.354180 0.827051 0.350695 0.826689 0.346344 0.824873 0.341984 0.823057 0.339664 0.821240 0.338500 0.818701 0.340531 0.816885
0 0.363758 0.823418 0.367242 0.825596 0.370438 0.827773 0.371016 0.828135 0.368695 0.831045 0.366375 0.831045 0.363758 0.829590 0.360273 0.827051 0.360563 0.825596 0.363180 0.824512
0 0.270562 0.847012 0.276664 0.844473 0.281016 0.842295 0.285078 0.841201 0.288273 0.840840 0.291469 0.840479 0.294367 0.839023 0.297273 0.840479 0.297273 0.842295 0.293500 0.844473 0.290016 0.846289 0.286820 0.846289 0.281305 0.846289 0.276664 0.849189 0.272883 0.849551 0.269984 0.848467
0 0.318242 0.837324 0.317852 0.837324 0.315977 0.837920 0.315820 0.839678 0.316992 0.840547 0.319414 0.840742 0.321289 0.840059 0.322773 0.838496 0.324102 0.838213 0.326836 0.838008 0.328242 0.838008 0.330195 0.836943 0.329414 0.835859 0.324492 0.835859 0.320742 0.836543 0.317227 0.836836
0 0.237852 0.859893 0.237617 0.858809 0.240195 0.858232 0.242227 0.856475 0.242773 0.855303 0.237617 0.854609 0.233945 0.855391 0.231836 0.857148 0.226289 0.857344 0.224961 0.858027 0.225273 0.860762 0.227539 0.862334 0.233711 0.859980 0.236992 0.859297
