0 0.749789 0.658359 0.745766 0.652070 0.744258 0.646406 0.751805 0.626895 0.747781 0.622490 0.741734 0.619346 0.737711 0.618721 0.737711 0.637598 0.734187 0.647666 0.733180 0.652070 0.741734 0.657100 0.749789 0.658359
0 0.779492 0.627529 0.763383 0.626895 0.749789 0.631299 0.756836 0.643887 0.779992 0.648926 0.798617 0.648926 0.807680 0.644512 0.805672 0.633818 0.791070 0.626895 0.769422 0.623750
0 0.309828 0.580967 0.320398 0.578447 0.343047 0.574043 0.363187 0.574043 0.365703 0.554531 0.360164 0.552646 0.347578 0.540693 0.336508 0.539434 0.328953 0.553281 0.312344 0.564600 0.311336 0.572158
0 0.304789 0.847129 0.323414 0.848389 0.333484 0.851533 0.354625 0.855938 0.369727 0.855938 0.387352 0.854053 0.380805 0.832656 0.378289 0.821338 0.368727 0.813154 0.353625 0.816299 0.363187 0.828887 0.347578 0.835811 0.319891 0.835176 0.302273 0.841465
0 0.300766 0.842725 0.310328 0.836436 0.313352 0.819443 0.310328 0.801201 0.300766 0.801826 0.300766 0.830146 0.294727 0.830771 0.286672 0.837061 0.285664 0.842100 0.299258 0.844619
0 0.221734 0.857197 0.229789 0.852793 0.232805 0.852793 0.226766 0.837061 0.221734 0.830771 0.216695 0.850908 0.209148 0.860342 0.203609 0.867900
0 0.030445 0.278301 0.043531 0.272637 0.071719 0.278301 0.084305 0.283330 0.095383 0.275781 0.100414 0.270117 0.083805 0.262568 0.064172 0.253760 0.054102 0.234248 0.043531 0.229219 0.027422 0.237402 0.049070 0.251240 0.049070 0.261309
0 0.692406 0.187686 0.706000 0.188945 0.720094 0.192090 0.727641 0.195869 0.721102 0.185801 0.717070 0.178252 0.712039 0.178252 0.703477 0.176357 0.697438 0.175098 0.691898 0.175098 0.689891 0.183916 0.689891 0.186426
0 0.848961 0.183916 0.845938 0.183916 0.840906 0.193975 0.843422 0.196494 0.856008 0.193975 0.853492 0.186426 0.847953 0.183916
0 0.879664 0.188945 0.876141 0.187686 0.878156 0.197129 0.886719 0.200273 0.899297 0.201533 0.896781 0.190205 0.889734 0.188945 0.876648 0.187061
0 0.911383 0.176992 0.904336 0.176357 0.897289 0.183916 0.904336 0.190830 0.914398 0.193350 0.918930 0.182656
0 0.924969 0.117217 0.915914 0.119727 0.912391 0.127275 0.924977 0.132939 0.934031 0.123506 0.928500 0.117842
0 0.654648 0.120361 0.658172 0.117207 0.665219 0.108398 0.664719 0.104629 0.655156 0.102109 0.645586 0.104629 0.645086 0.113437 0.648109 0.120986
0 0.380805 0.032266 0.380805 0.041074 0.399930 0.039814 0.408992 0.031631 0.407984 0.024082 0.392383 0.023457 0.386344 0.025342
0 0.327945 0.236143 0.324422 0.242432 0.324422 0.258789 0.328453 0.262568 0.320898 0.267598 0.315359 0.256270 0.314359 0.237393 0.325937 0.224814
0 0.214688 0.230479 0.207133 0.249980 0.214180 0.265088 0.231297 0.270742 0.237844 0.275156 0.247906 0.277041 0.248914 0.263193 0.244383 0.253125 0.236836 0.249355 0.226266 0.249355 0.221227 0.247461 0.218711 0.236143 0.217703 0.229844
0 0.158305 0.218516 0.154273 0.229844 0.158305 0.243057 0.166859 0.248721 0.171391 0.228584 0.168375 0.218516 0.163336 0.217266
0 0.444727 0.000000 0.446242 0.006338 0.446242 0.010742 0.418563 0.023955 0.416039 0.028359 0.422586 0.040947 0.453297 0.058564 0.455813 0.056680 0.471414 0.049131 0.500109 0.048496 0.531320 0.047236 0.558000 0.047236 0.599781 0.047236 0.615891 0.044092 0.621430 0.035283 0.647602 0.019551 0.623703 0.000000
