0 0.316609 0.237549 0.318867 0.230498 0.327141 0.228145 0.338414 0.229561 0.343305 0.230498 0.348945 0.223447 0.347820 0.217334 0.333156 0.212637 0.328266 0.213105 0.319992 0.217334 0.310969 0.221094 0.309086 0.228145 0.309086 0.236133 0.312094 0.244600 0.314352 0.241777
0 0.148523 0.362109 0.154164 0.364453 0.162062 0.362109 0.167328 0.355996 0.160180 0.349883 0.148523 0.349414 0.145141 0.355996 0.143633 0.358818
0 0.166195 0.448594 0.160180 0.454707 0.156047 0.463164 0.156797 0.472090 0.164695 0.474912 0.169203 0.467861 0.170336 0.453291 0.169203 0.440605
0 0.190266 0.471152 0.186883 0.479609 0.186500 0.488076 0.194023 0.488076 0.200414 0.481025 0.200039 0.474443 0.197781 0.471621 0.194773 0.467861
0 0.225984 0.488545 0.218086 0.495127 0.217336 0.504521 0.215078 0.512051 0.219219 0.517217 0.226734 0.509697 0.240648 0.507344 0.245539 0.513926 0.248172 0.515811 0.249297 0.501709 0.241781 0.497949 0.230125 0.495127 0.226734 0.487607
0 0.297805 0.460811 0.297805 0.461748 0.301187 0.477266 0.299687 0.481025 0.288781 0.487607 0.287656 0.492305 0.291789 0.498418 0.299687 0.500762 0.309086 0.495127 0.315102 0.484316 0.312852 0.471152 0.312094 0.459404 0.309461 0.456113 0.300813 0.454707
0 0.317734 0.493711 0.332781 0.493711 0.344438 0.493711 0.342930 0.502178 0.335789 0.504521 0.325633 0.506875 0.320367 0.505469 0.318109 0.503115 0.318109 0.493711
0 0.363234 0.473506 0.368500 0.473506 0.380906 0.481963 0.379781 0.489014 0.378273 0.490898 0.365867 0.490898 0.362109 0.486191 0.357594 0.483848 0.356094 0.472568 0.363984 0.470215
0 0.766297 0.294482 0.771336 0.294492 0.778680 0.297373 0.782031 0.306025 0.787695 0.305508 0.795672 0.300000 0.804273 0.298418 0.814344 0.294746 0.820008 0.289766 0.815602 0.284521 0.799242 0.284521 0.792523 0.287148 0.787070 0.289502 0.781195 0.277441 0.767766 0.277441 0.761055 0.285049 0.756859 0.291074 0.756859 0.297637 0.767766 0.298682 0.768398 0.298164
0 0.748672 0.292393 0.749516 0.283730 0.748672 0.276133 0.744688 0.274814 0.741539 0.285049 0.744055 0.297373 0.746578 0.299473
0 0.712586 0.292910 0.716148 0.289502 0.714266 0.280586 0.710484 0.275342 0.703141 0.269834 0.699578 0.271934 0.699156 0.281895 0.705867 0.292910 0.709648 0.293438
0 0.358734 0.625449 0.355578 0.616650 0.350719 0.614824 0.341250 0.615127 0.339797 0.617559 0.340039 0.630000 0.342953 0.634854 0.349508 0.636377 0.354602 0.633945 0.355820 0.626963
0 0.358680 0.603203 0.353508 0.595947 0.351625 0.592031 0.345828 0.593203 0.343945 0.598887 0.343477 0.607705 0.345359 0.612207 0.351000 0.614951 0.359461 0.616523 0.362758 0.606924 0.359938 0.601826
