0 0.074141 0.815664 0.095133 0.814199 0.105625 0.813721 0.114953 0.813721 0.121562 0.813721 0.121172 0.812256 0.118063 0.808369 0.100961 0.806914 0.093578 0.806914 0.084250 0.807402 0.069477 0.808857
0 0.218344 0.817119 0.223781 0.816631 0.229227 0.816143 0.237000 0.811289 0.233500 0.810312 0.224945 0.811777 0.218727 0.814199
0 0.472531 0.792822 0.477977 0.792344 0.495461 0.790879 0.494688 0.787480 0.490797 0.787480 0.483805 0.787480 0.476805 0.787480 0.468648 0.790879 0.467094 0.792344
0 0.390914 0.875420 0.403734 0.875420 0.408016 0.875420 0.416563 0.872021 0.405680 0.870557 0.388969 0.870557 0.383914 0.871533
0 0.034109 0.928857 0.051211 0.926914 0.064039 0.926914 0.080750 0.927891 0.093188 0.929346 0.098242 0.925947 0.083086 0.923027 0.072977 0.923027 0.058594 0.921572 0.041492 0.919629 0.029445 0.924004 0.014672 0.924971 0.014289 0.926436 0.025945 0.927402
0 0.452711 0.856953 0.461258 0.856475 0.463594 0.854531 0.461258 0.853555 0.455820 0.853555 0.453484 0.854043
0 0.437859 0.837217 0.446117 0.838643 0.451625 0.838437 0.454703 0.838027 0.453086 0.836006 0.448875 0.834990 0.440937 0.834990 0.433969 0.834990 0.433648 0.835400 0.436562 0.839043
0 0.510031 0.796816 0.516703 0.797188 0.523094 0.796816 0.527156 0.796816 0.523672 0.792100 0.522516 0.791377 0.517867 0.791377 0.512930 0.793555 0.508867 0.793555
0 0.305398 0.730762 0.307836 0.731230 0.318141 0.732871 0.329766 0.734043 0.332391 0.732871 0.336703 0.731465 0.335953 0.731230 0.331641 0.730059 0.325078 0.729121 0.317953 0.729121 0.309523 0.729121 0.305023 0.729590
0 0.000297 0.812744 0.007289 0.811777 0.022445 0.811777 0.034500 0.811777 0.045383 0.811777 0.061313 0.810801 0.068703 0.810312 0.064039 0.808369 0.055484 0.807891 0.044602 0.807402 0.038773 0.805947 0.030219 0.801572 0.024781 0.802061 0.012734 0.799629 0.003789 0.799629 0.000000 0.799629 0.000000 0.811328
0 0.001461 0.789912 0.006516 0.785537 0.014672 0.781650 0.024391 0.780684 0.031000 0.779707 0.027109 0.777764 0.020891 0.777764 0.005734 0.778252 0.002234 0.783105
