0 0.707562 0.916621 0.719609 0.917100 0.728555 0.918076 0.739820 0.919531 0.747594 0.922930 0.762367 0.923906 0.772859 0.923906 0.781023 0.922451 0.783742 0.920986 0.756922 0.918076 0.754984 0.916621 0.743320 0.912246 0.732437 0.910791 0.719227 0.910791 0.706008 0.911270 0.703289 0.912246 0.696680 0.914189
0 0.216289 0.772822 0.224352 0.773242 0.228047 0.773662 0.233086 0.773662 0.238125 0.773662 0.242492 0.772402 0.239469 0.768623 0.234766 0.769883 0.226703 0.770303 0.221328 0.770303 0.218641 0.771982
0 0.236445 0.760645 0.235438 0.762324 0.234094 0.765264 0.234766 0.766104 0.241148 0.766104 0.242828 0.766104 0.239133 0.764004 0.237117 0.763584
0 0.189609 0.773125 0.189750 0.772070 0.204453 0.770146 0.215930 0.769443 0.219430 0.768398 0.217891 0.765068 0.209633 0.763848 0.203891 0.762451 0.204031 0.760000 0.197313 0.759121 0.201367 0.756670 0.207531 0.753701 0.209914 0.752998 0.199133 0.751426 0.191289 0.751426 0.181492 0.750898 0.176164 0.748799 0.154328 0.748096 0.141305 0.751768 0.136820 0.753867 0.136406 0.755977 0.146063 0.755449 0.156562 0.753350 0.166367 0.752822 0.172531 0.753174 0.160062 0.756494 0.155023 0.758076 0.150266 0.759648 0.160484 0.762451 0.170711 0.762451 0.172664 0.763672 0.166789 0.767520 0.177852 0.767520 0.183586 0.766475 0.188492 0.766299 0.189750 0.762627 0.191008 0.765947 0.186812 0.769619 0.186250 0.770850
0 0.033187 0.725908 0.040156 0.724092 0.047992 0.722275 0.058734 0.720830 0.066867 0.715381 0.073250 0.711025 0.070641 0.708125 0.076156 0.704854 0.077898 0.703770 0.071516 0.703408 0.058445 0.707764 0.046836 0.709580 0.045672 0.715020 0.033187 0.720830 0.025930 0.725176 0.027672 0.720098 0.014313 0.719375 0.004445 0.720830 0.010250 0.725908 0.019250 0.726992 0.032609 0.729170
0 0.405977 0.721914 0.416719 0.722275 0.421359 0.720098 0.427461 0.715742 0.432977 0.712842 0.441398 0.711387 0.456492 0.712119 0.459977 0.711387 0.460266 0.707764 0.466367 0.706670 0.477109 0.705586 0.476813 0.700869 0.472750 0.699414 0.461141 0.696143 0.452719 0.695420 0.421945 0.697959 0.408875 0.699053 0.408008 0.699775 0.416133 0.700498 0.419617 0.705225 0.416430 0.708486 0.408875 0.711387 0.410617 0.714658 0.403648 0.718652
0 0.364453 0.720459 0.372008 0.721914 0.376938 0.721191 0.381297 0.717920 0.380422 0.714658 0.374906 0.713926 0.362711 0.717920
0 0.598172 0.799219 0.608625 0.799580 0.622852 0.799580 0.638242 0.799941 0.653336 0.799941 0.666109 0.801758 0.682664 0.803203 0.697758 0.804658 0.713727 0.806475 0.732305 0.807197 0.747406 0.807197 0.758727 0.807559 0.767437 0.809014 0.781086 0.811553 0.791539 0.811914 0.799375 0.813008 0.811859 0.813730 0.806344 0.806836 0.794727 0.805752 0.777016 0.805381 0.767727 0.805381 0.756117 0.804658 0.750891 0.801758 0.745086 0.799580 0.732602 0.799580 0.728531 0.796680 0.737820 0.793770 0.747117 0.794131 0.763664 0.794863 0.756984 0.791230 0.741891 0.791230 0.732016 0.791230 0.724758 0.793047 0.711406 0.793047 0.707633 0.791592 0.695148 0.789414 0.685273 0.788691 0.682367 0.785420 0.683820 0.781797 0.691367 0.781436 0.701242 0.780342 0.706180 0.777803 0.706180 0.777080 0.714594 0.775625 0.725047 0.774541 0.725047 0.771992 0.720984 0.770547 0.710820 0.769814 0.699789 0.769814 0.698633 0.771631 0.686438 0.774170 0.674242 0.774170 0.666398 0.775625 0.668727 0.777441 0.664953 0.781074 0.652469 0.783975 0.647242 0.784697 0.638531 0.785059 0.628078 0.785059 0.624594 0.787969 0.615305 0.789414 0.605727 0.790869 0.595273 0.795225
0 0.774414 0.893779 0.771305 0.895244 0.770141 0.898154 0.777133 0.901553 0.784523 0.901553 0.781797 0.893779 0.779078 0.893779
0 0.622672 0.864219 0.627922 0.864688 0.633172 0.864922 0.640484 0.866328 0.644984 0.864453 0.645359 0.861641 0.640672 0.861641 0.632984 0.863984 0.624734 0.863281 0.620055 0.863281
0 0.439719 0.834512 0.440203 0.834512 0.447500 0.837158 0.452195 0.837549 0.454625 0.834932 0.449117 0.832100 0.444258 0.830879 0.437773 0.830068 0.436805 0.833291 0.438422 0.834727
0 0.506289 0.843027 0.510492 0.843027 0.514695 0.843379 0.518477 0.843721 0.518891 0.841797 0.512734 0.839170 0.508531 0.838828 0.505312 0.840752
0 0.578820 0.853174 0.582883 0.854053 0.585820 0.855801 0.587078 0.856680 0.589320 0.854922 0.585539 0.851426 0.581617 0.849854 0.577141 0.849326 0.577281 0.851602
0 0.911852 0.823457 0.926656 0.823770 0.927906 0.822822 0.928156 0.819063 0.924648 0.816553 0.917367 0.815928 0.911344 0.818125 0.909844 0.820947
0 0.845602 0.683877 0.855141 0.684814 0.866930 0.684814 0.874211 0.684814 0.879227 0.685127 0.883742 0.685127 0.882742 0.684189 0.882492 0.681680 0.871453 0.680107 0.866930 0.679482 0.865930 0.680742 0.856648 0.681992 0.848109 0.680742 0.842844 0.680420
0 0.969812 0.733115 0.975086 0.732803 0.978844 0.731240 0.978844 0.728730 0.968812 0.728730 0.964797 0.728730 0.965047 0.731240
0 0.957266 0.849805 0.961781 0.852314 0.966555 0.855137 0.970063 0.856387 0.969812 0.854189 0.965547 0.851055 0.960281 0.848545 0.957516 0.847607
