0 0.853547 0.878486 0.854680 0.875859 0.854359 0.872822 0.854359 0.870391 0.854039 0.870186 0.853063 0.868975 0.853547 0.864717 0.851930 0.862900 0.849984 0.861885 0.848687 0.870391 0.849336 0.874443 0.850313 0.876064 0.851609 0.874238 0.852250 0.874639 0.852250 0.880723 0.853063 0.880918
0 0.901750 0.909717 0.901563 0.909717 0.900070 0.913701 0.899695 0.916045 0.900070 0.917451 0.901750 0.916982 0.903438 0.914873 0.903438 0.911123 0.902875 0.909482
0 0.799164 0.786338 0.798922 0.782256 0.800133 0.779385 0.797711 0.777715 0.794570 0.775146 0.789609 0.778320 0.789484 0.781348 0.791055 0.785127 0.793234 0.785127 0.796023 0.784678 0.798078 0.787246
0 0.536273 0.919746 0.537422 0.925107 0.536273 0.927852 0.533344 0.931641 0.531781 0.931904 0.530938 0.928633 0.531359 0.925234 0.532719 0.921709 0.534914 0.919482
0 0.535125 0.934121 0.534914 0.938574 0.533141 0.941709 0.532406 0.942891 0.530523 0.941836 0.530734 0.936484 0.532305 0.933213 0.533867 0.931641
0 0.436023 0.878838 0.434148 0.880479 0.435086 0.884932 0.435461 0.887031 0.437148 0.887500 0.437148 0.879775
0 0.334617 0.935537 0.331805 0.935771 0.330680 0.939521 0.333117 0.942568 0.336680 0.941865 0.337242 0.936240 0.332555 0.933193
0 0.565617 0.619678 0.567117 0.622490 0.576117 0.626709 0.579117 0.628350 0.581930 0.629521 0.585109 0.630928 0.590172 0.633730 0.591297 0.634902 0.591859 0.637715 0.590359 0.638184 0.587734 0.638184 0.585109 0.637949 0.580430 0.635840 0.577805 0.634199 0.577055 0.633037 0.576117 0.630225 0.575180 0.628350 0.572180 0.626475 0.568430 0.625068 0.565430 0.623193
0 0.603109 0.641699 0.600859 0.640293 0.599172 0.640059 0.596547 0.639590 0.595422 0.642402 0.596547 0.644746 0.598797 0.645684 0.599922 0.646855 0.603672 0.649668 0.606859 0.651074 0.610977 0.653652 0.614164 0.655527 0.616789 0.657637 0.620352 0.660215 0.622977 0.660449 0.623352 0.658105 0.622602 0.655059 0.619977 0.653652 0.617352 0.652715 0.613789 0.649902 0.609852 0.647559 0.607977 0.646387 0.604984 0.644512 0.603672 0.643340
0 0.632531 0.671221 0.631602 0.670986 0.629352 0.671689 0.629164 0.674033 0.629914 0.675908 0.631414 0.677080 0.633281 0.678721 0.636281 0.679424 0.637406 0.679424 0.638906 0.678018 0.638344 0.674971 0.636094 0.674268 0.633656 0.673096 0.633469 0.672861
0 0.638531 0.660449 0.637031 0.659512 0.635531 0.660215 0.634781 0.662324 0.634406 0.665127 0.634406 0.665830 0.636281 0.666064 0.637406 0.665361 0.637781 0.663262 0.638906 0.661152
0 0.561930 0.772646 0.561930 0.769375 0.564180 0.766563 0.563242 0.763047 0.560617 0.763047 0.559492 0.766563 0.558930 0.769844 0.557430 0.771484 0.556867 0.773584 0.557242 0.776631 0.557617 0.779678 0.560055 0.782256 0.564180 0.783428 0.564555 0.778271 0.562305 0.777803 0.560992 0.775693
0 0.529125 0.783662 0.530250 0.781318 0.533250 0.778740 0.534188 0.775459 0.534375 0.771250 0.531187 0.771016 0.530062 0.773115 0.528562 0.775928 0.526687 0.778271 0.525938 0.780146 0.525750 0.783193 0.526500 0.784365
0 0.822281 0.781318 0.824531 0.777568 0.823406 0.775693 0.821531 0.774053 0.818906 0.773818 0.815344 0.775225 0.815719 0.777803 0.817219 0.779912 0.818344 0.781318
0 0.750117 0.813418 0.752367 0.812246 0.753867 0.809199 0.753305 0.805918 0.751992 0.804277 0.751242 0.804277 0.750492 0.808730 0.749930 0.809199 0.748805 0.811309 0.749180 0.813652
0 0.891633 0.856768 0.890883 0.856768 0.890133 0.856533 0.888445 0.858877 0.888445 0.861914 0.888445 0.864492 0.888820 0.866367 0.891258 0.866367 0.891445 0.862852 0.891445 0.858174
0 0.893508 0.882305 0.894070 0.880898 0.894820 0.877617 0.894820 0.874102 0.894070 0.871289 0.892570 0.869648 0.891258 0.871523 0.891258 0.875273 0.890883 0.878086 0.891820 0.880898 0.892758 0.881602
0 0.897820 0.888398 0.898570 0.891211 0.898570 0.894482 0.899320 0.894717 0.900813 0.898467 0.900813 0.904092 0.900070 0.906436 0.898383 0.906670 0.897258 0.905264 0.897070 0.901748 0.897070 0.900107 0.896133 0.897998 0.895758 0.894717 0.895945 0.891445
0 0.904937 0.924473 0.908313 0.926348 0.909812 0.929863 0.909062 0.933848 0.908687 0.937598 0.909250 0.939004 0.910375 0.940879 0.911125 0.942754 0.911125 0.945801 0.910750 0.948379 0.911125 0.951426 0.912625 0.953291 0.913750 0.956807 0.913937 0.958916 0.913937 0.961729 0.914500 0.963838 0.915625 0.965010 0.916375 0.966885 0.917313 0.968525 0.918062 0.970400 0.918062 0.971572 0.916563 0.972275 0.915063 0.972510 0.914125 0.970869 0.912813 0.966885 0.912813 0.965947 0.912250 0.965947 0.911312 0.964541 0.911500 0.960557 0.911500 0.957510 0.911125 0.956572 0.908500 0.954697 0.906813 0.953291 0.907000 0.950723 0.907188 0.947910 0.907563 0.945332 0.907188 0.943223 0.905687 0.941816 0.902125 0.938770 0.902688 0.936895 0.903813 0.934082 0.904750 0.931035 0.904375 0.928926 0.903063 0.925645 0.903063 0.923770
0 0.904375 0.945332 0.902875 0.945332 0.902875 0.948848 0.903625 0.949551 0.906438 0.949082 0.906438 0.945801 0.905312 0.944395
0 0.905312 0.950723 0.904187 0.950254 0.903438 0.950254 0.901938 0.951885 0.902688 0.953994 0.904187 0.953994 0.906438 0.953525 0.906813 0.951426
0 0.906438 0.953525 0.907000 0.954697 0.908500 0.957275 0.908500 0.959385 0.907000 0.961025 0.905500 0.960557 0.904187 0.958213 0.903438 0.956104 0.904187 0.954229 0.905875 0.954229
0 0.905898 0.962266 0.906648 0.965313 0.909086 0.965313 0.910578 0.964609 0.910578 0.967187 0.910391 0.972109 0.910391 0.974688 0.910391 0.978437 0.910391 0.982187 0.911141 0.984062 0.912078 0.985234 0.912266 0.985938 0.912266 0.988037 0.912266 0.988975 0.913391 0.989443 0.913766 0.990850 0.913766 0.992021 0.913203 0.993896 0.914141 0.996240 0.914891 0.996709 0.914891 0.997881 0.914891 0.999053 0.913953 0.999990 0.912266 0.999756 0.911703 0.999521 0.911703 0.996943 0.911703 0.995303 0.911328 0.994131 0.911141 0.992021 0.911141 0.990615 0.910391 0.989678 0.909273 0.987812 0.909648 0.985234 0.909648 0.984062 0.908336 0.983359 0.908148 0.982187 0.908148 0.977500 0.907961 0.976094 0.906273 0.974688 0.906648 0.972812 0.906648 0.970000 0.906273 0.968359 0.904586 0.967422 0.904398 0.965547 0.904586 0.963906
0 0.903813 0.998447 0.903813 0.998447 0.904562 0.995166 0.900813 0.992588 0.901375 0.989541 0.902125 0.986025 0.901938 0.984385 0.901000 0.983916 0.900633 0.980869 0.899883 0.977588 0.900258 0.975254 0.899133 0.970801 0.899133 0.968457 0.897820 0.967988 0.896508 0.972676 0.895008 0.974316 0.893695 0.975947 0.893695 0.977119 0.893695 0.977588 0.893883 0.978760 0.893695 0.979697 0.893695 0.979932 0.889195 0.983213 0.886383 0.987197 0.886570 0.988838 0.888820 0.990244 0.894070 0.991416 0.895945 0.993057 0.897820 0.994697 0.900258 0.994932 0.898008 0.998682
0 0.875945 0.838164 0.877258 0.840273 0.879320 0.843555 0.878945 0.846592 0.878945 0.847998 0.878945 0.849170 0.879508 0.849404 0.880258 0.849639 0.880258 0.852686 0.880070 0.855264 0.880258 0.856670 0.881750 0.855967 0.883062 0.857607 0.882687 0.859717 0.882312 0.860186 0.882312 0.860186 0.882312 0.860186 0.882312 0.860889 0.883062 0.861123 0.883813 0.861826 0.883250 0.866748 0.883250 0.869326 0.884563 0.871436 0.886438 0.869795 0.886812 0.870029 0.887750 0.871904 0.887750 0.872607 0.889250 0.873545 0.889625 0.874004 0.888687 0.876582 0.888687 0.878457 0.889250 0.879863 0.890188 0.879863 0.890750 0.881738 0.890938 0.882676 0.890375 0.885488 0.891125 0.885488 0.891500 0.889941 0.891875 0.891348 0.892625 0.891348 0.892625 0.894863 0.893000 0.897207 0.893375 0.898613 0.894313 0.898145 0.894875 0.901191 0.894500 0.904229 0.896187 0.904229 0.896562 0.906338 0.896562 0.909385 0.896562 0.909385 0.897312 0.911729 0.897500 0.913604 0.897500 0.917119 0.897875 0.917822 0.899188 0.918525 0.899375 0.922744 0.899000 0.923213 0.897312 0.922979 0.896562 0.925791 0.895250 0.928135 0.894875 0.930244 0.893563 0.930947 0.893375 0.926494 0.893375 0.923916 0.894500 0.922275 0.894500 0.920869 0.893375 0.918994 0.892625 0.916182 0.892625 0.915010 0.891875 0.912666 0.890938 0.909150 0.890625 0.905859 0.891125 0.900488 0.889625 0.899316 0.887375 0.897207 0.886250 0.894863 0.886625 0.892520 0.887000 0.891113 0.885500 0.887598 0.885500 0.885254 0.886438 0.883145 0.886438 0.880098 0.886063 0.878223 0.882312 0.875645 0.881938 0.874004 0.881938 0.872842 0.881563 0.871670 0.881195 0.869795 0.880070 0.867686 0.878383 0.864639 0.878570 0.861826 0.879320 0.860186 0.879695 0.859248 0.878945 0.852217 0.878758 0.851514 0.876133 0.849639 0.876508 0.847295 0.877070 0.844248 0.876133 0.842617 0.875758 0.841680
0 0.853391 0.887607 0.853391 0.884365 0.855328 0.882139 0.857437 0.886797 0.857922 0.890029 0.857922 0.891855 0.859383 0.893477 0.859867 0.897529 0.859383 0.901172 0.857758 0.902383 0.856469 0.902188 0.856141 0.896914 0.856141 0.894492 0.856141 0.891455 0.856141 0.889219 0.854680 0.890029 0.852578 0.889834
0 0.860187 0.827861 0.860195 0.828477 0.861484 0.831309 0.861977 0.832119 0.863430 0.838193 0.864563 0.839609 0.865375 0.841230 0.865375 0.843457 0.865375 0.846699 0.866836 0.847715 0.867641 0.848320 0.867969 0.852979 0.867969 0.855410 0.868289 0.856016 0.869914 0.857432 0.869750 0.858848 0.870562 0.859453 0.874289 0.859053 0.874609 0.859863 0.874609 0.864111 0.874930 0.865527 0.874930 0.866943 0.875742 0.866943 0.877039 0.868770 0.876719 0.871602 0.876070 0.874238 0.876070 0.874844 0.876719 0.875859 0.877688 0.879707 0.877688 0.881328 0.878500 0.881123 0.879633 0.882139 0.879633 0.885986 0.879633 0.888818 0.880602 0.888818 0.880602 0.892461 0.880602 0.893877 0.882383 0.892666 0.883516 0.895908 0.883516 0.900361 0.883359 0.902383 0.883844 0.902988 0.883844 0.905625 0.883844 0.908057 0.883844 0.908057 0.884492 0.910488 0.884492 0.914336 0.884656 0.914531 0.887406 0.915752 0.887570 0.920811 0.887570 0.921221 0.888219 0.923652 0.888055 0.927900 0.887406 0.929922 0.883031 0.931348 0.884328 0.925264 0.880766 0.928916 0.879148 0.933574 0.877203 0.931953 0.877852 0.928301 0.879305 0.925469 0.875742 0.926484 0.873961 0.922432 0.873641 0.919600 0.871859 0.915547 0.872828 0.910078 0.873477 0.908057 0.868781 0.906035 0.868617 0.903799 0.870398 0.898535 0.869750 0.895498 0.867641 0.892256 0.867484 0.887197 0.866672 0.882949 0.864406 0.880518 0.864891 0.876465 0.863758 0.874033 0.862297 0.869990 0.862133 0.865527 0.862297 0.862090 0.862297 0.855605 0.862297 0.854189 0.862133 0.850947 0.859383 0.849131 0.860031 0.844268 0.858734 0.841436 0.857922 0.837383 0.854844 0.833535 0.854523 0.829482 0.854523 0.828477 0.855656 0.827256 0.856953 0.826855
0 0.429086 0.804326 0.431148 0.805264 0.435273 0.805029 0.437148 0.800107 0.436023 0.797998 0.434523 0.797998 0.433961 0.800107 0.431898 0.797998 0.428711 0.796123 0.427586 0.798467 0.427398 0.801748
0 0.399664 0.809014 0.401344 0.808311 0.405094 0.809482 0.406781 0.812295 0.408094 0.813232 0.409781 0.810420 0.407906 0.807373 0.404531 0.807139 0.405656 0.803389 0.403969 0.801982 0.399289 0.803623 0.397227 0.807139 0.396102 0.811592 0.396664 0.812764
0 0.414844 0.812764 0.416906 0.812061 0.418969 0.808076 0.418594 0.805498 0.415969 0.805264 0.412594 0.800811 0.409781 0.798232 0.408094 0.800342 0.407719 0.801748 0.407719 0.802217 0.409406 0.803389 0.410906 0.804561 0.412781 0.809482 0.412781 0.812529
0 0.129977 0.909033 0.127375 0.905781 0.123258 0.903340 0.113711 0.902256 0.109813 0.901445 0.105477 0.898184 0.099398 0.896563 0.095711 0.894932 0.094633 0.892500 0.097234 0.889238 0.100703 0.887344 0.103953 0.885176 0.107859 0.882197 0.111109 0.881113 0.114367 0.878125 0.118922 0.874873 0.122609 0.871084 0.123687 0.864570 0.126078 0.860781 0.128031 0.859150 0.129109 0.859697 0.130195 0.863486 0.133883 0.867012 0.136703 0.863760 0.134750 0.860508 0.136484 0.859150 0.138875 0.858613 0.135617 0.857256 0.135617 0.853730 0.135617 0.852373 0.132148 0.848848 0.133453 0.843154 0.129531 0.842676 0.128680 0.847764 0.124344 0.851836 0.121742 0.854541 0.119789 0.855898 0.118055 0.861318 0.114797 0.859150 0.115453 0.854814 0.112195 0.856709 0.112414 0.861592 0.110461 0.862676 0.110461 0.856445 0.108508 0.852373 0.102000 0.856445 0.103086 0.862676 0.099187 0.865391 0.097234 0.866475 0.092242 0.867559 0.086172 0.868906 0.080969 0.868643 0.080531 0.864570 0.074023 0.868096 0.069687 0.869727 0.068172 0.873789 0.068602 0.879209 0.072508 0.877861 0.074680 0.876230 0.075977 0.881377 0.074680 0.884902 0.076414 0.890596 0.083133 0.893037 0.084867 0.895752 0.089859 0.898184 0.092680 0.899004 0.100922 0.900898 0.105688 0.903340 0.116320 0.907139 0.120000 0.909844 0.122609 0.913916 0.129547 0.909570
0 0.113062 0.844238 0.116102 0.841533 0.119789 0.838008 0.122391 0.834482 0.123258 0.832314 0.117398 0.833936 0.113930 0.835840 0.110031 0.838008 0.106773 0.840713 0.105258 0.843701 0.108078 0.845322 0.112195 0.845059
0 0.075109 0.854541 0.075109 0.851836 0.076414 0.848311 0.079445 0.848574 0.081398 0.846143 0.078578 0.843154 0.075977 0.842891 0.072289 0.842891 0.071422 0.847764 0.071422 0.850205
0 0.082484 0.726045 0.085523 0.727129 0.088992 0.728213 0.092023 0.726592 0.090945 0.723330 0.088125 0.721982 0.085086 0.721982 0.082266 0.720078 0.078797 0.717373 0.076195 0.721162 0.078367 0.726855
0 0.121953 0.749629 0.121953 0.744746 0.121953 0.741230 0.125211 0.739873 0.126945 0.739873 0.129109 0.743662 0.129977 0.746650 0.132367 0.750176 0.133016 0.752070 0.126945 0.751523 0.126078 0.748545 0.125422 0.748008 0.121953 0.751260
0 0.134750 0.740957 0.132797 0.737979 0.129547 0.737979 0.129109 0.742041 0.129109 0.743125 0.131930 0.744209 0.133883 0.743662
0 0.139086 0.748818 0.141477 0.750176 0.143859 0.752617 0.144078 0.755049 0.141688 0.755322 0.137570 0.753965 0.136703 0.751797 0.138219 0.747461
0 0.135187 0.796797 0.138008 0.795986 0.141258 0.795449 0.144727 0.795713 0.149281 0.797344 0.154055 0.798428 0.154703 0.803574 0.153188 0.805479 0.146898 0.803574 0.146031 0.801406 0.140172 0.801406 0.140609 0.797070
0 0.152750 0.789482 0.153836 0.787852 0.155352 0.785146 0.157305 0.786494 0.159688 0.789482 0.160992 0.790293 0.161641 0.787314 0.161641 0.786494 0.164242 0.787314 0.169883 0.787314 0.170320 0.788672 0.172055 0.790840 0.174008 0.789756 0.174656 0.790020 0.178344 0.790566 0.178125 0.788936 0.172273 0.786494 0.168367 0.784062 0.164898 0.782705 0.163375 0.782158 0.162297 0.782705 0.156656 0.779990 0.156008 0.778633 0.153836 0.779990 0.151234 0.779453 0.150367 0.782705
0 0.199813 0.788672 0.202195 0.790566 0.204586 0.790840 0.205016 0.788125 0.203719 0.786768 0.200461 0.785146 0.192656 0.782705 0.195695 0.785957 0.197641 0.790566
0 0.141258 0.848574 0.138875 0.849395 0.138656 0.853457 0.137133 0.855625 0.137352 0.859424 0.143211 0.858340 0.144078 0.852646 0.141688 0.847227
0 0.079234 0.941289 0.078797 0.941562 0.075109 0.945361 0.075328 0.939932 0.072078 0.939932 0.070125 0.942373 0.070125 0.945898 0.073375 0.947529 0.077281 0.948613 0.080750 0.948887 0.079883 0.944541
0 0.134102 0.912822 0.136055 0.912559 0.141258 0.909844 0.143859 0.911475 0.145164 0.914180 0.146898 0.910654 0.150797 0.910928 0.151664 0.914180 0.155141 0.915264 0.156219 0.915264 0.160344 0.915264 0.164898 0.913916 0.169883 0.917979 0.170320 0.920420 0.164898 0.923125 0.160562 0.923125 0.157953 0.926113 0.153617 0.928818 0.147109 0.926924 0.139953 0.928008 0.131711 0.931807 0.129547 0.930449 0.132797 0.926113 0.132797 0.923672 0.130195 0.916621 0.130633 0.912285
0 0.164680 0.907949 0.168586 0.909844 0.170750 0.912285 0.173352 0.913369 0.174875 0.909570 0.168367 0.904150 0.167281 0.904150
0 0.186586 0.900352 0.186586 0.901172 0.183984 0.903340 0.181375 0.905234 0.181812 0.907676 0.186586 0.909033 0.187234 0.908486 0.187016 0.903340
0 0.207406 0.884639 0.206969 0.888701 0.206969 0.894668 0.208273 0.895479 0.210437 0.892227 0.209789 0.885723 0.206969 0.883818
0 0.195477 0.937500 0.196992 0.943730 0.199813 0.943457 0.204148 0.941562 0.201547 0.936680 0.199594 0.938311 0.195477 0.935596
0 0.199594 0.925029 0.200250 0.928281 0.202852 0.929092 0.203063 0.924209 0.200461 0.923672
0 0.187664 0.933154 0.184414 0.932891 0.182898 0.931807 0.175305 0.930176 0.175086 0.932617 0.179211 0.937227 0.184195 0.938584 0.185930 0.941562 0.189188 0.939121 0.188102 0.932891
0 0.163812 0.926650 0.163594 0.931533 0.164898 0.935869 0.167281 0.935869 0.167500 0.928818 0.165984 0.926113
0 0.168148 0.938848 0.169883 0.941836 0.171836 0.945898 0.175953 0.945898 0.179211 0.946172 0.180078 0.946445 0.177039 0.952402 0.172703 0.949424 0.169453 0.951055 0.168148 0.952676 0.165984 0.945088 0.165766 0.939932
0 0.164031 0.947793 0.163594 0.947803 0.162727 0.952676 0.165984 0.950781 0.164031 0.947256
0 0.157742 0.951865 0.159477 0.953760 0.161641 0.955664 0.163594 0.957285 0.163164 0.960264 0.159258 0.959453 0.157305 0.957559 0.154703 0.955391 0.155570 0.952949
0 0.150148 0.954307 0.150586 0.958369 0.151453 0.961621 0.151453 0.963789 0.156219 0.963252 0.154922 0.958096 0.154922 0.954307 0.148633 0.952402
0 0.132586 0.951055 0.135187 0.952949 0.137570 0.953760 0.140391 0.954844 0.142992 0.956475 0.144078 0.960811 0.143430 0.961084 0.139523 0.962979 0.135836 0.962979 0.134750 0.960811 0.134750 0.956748 0.133883 0.954580 0.133234 0.952949
0 0.123477 0.959189 0.126727 0.965693 0.129109 0.968398 0.127164 0.970840 0.124555 0.966504 0.121742 0.961084 0.121086 0.962705 0.120000 0.965693 0.119352 0.969219 0.119352 0.971113 0.116969 0.970029 0.117398 0.963789 0.115883 0.960537 0.115453 0.961084 0.115453 0.967861 0.110242 0.966230 0.110898 0.959453 0.113281 0.955391 0.123258 0.956748
0 0.121086 0.942373 0.118484 0.942109 0.117398 0.947529 0.117188 0.950781 0.118055 0.955391 0.121523 0.953223 0.121086 0.945088
0 0.118484 0.922314 0.118266 0.925566 0.119133 0.930176 0.122172 0.930986 0.121953 0.925840 0.120000 0.924482
0 0.002023 0.936953 0.003109 0.940752 0.005281 0.941836 0.003977 0.935059 0.000000 0.934805 0.000000 0.935117
0 0.000508 0.942373 0.001375 0.943730 0.003539 0.945361 0.005063 0.947256 0.005281 0.949424 0.004625 0.951865 0.001156 0.950508 0.000289 0.949971
0 0.099836 0.959727 0.100055 0.963525 0.098969 0.964873 0.096578 0.965693 0.090727 0.963789 0.090508 0.963789 0.090508 0.969482 0.093109 0.970566 0.097234 0.971650 0.100484 0.972734 0.102000 0.975996 0.108945 0.976533 0.110898 0.978975 0.113500 0.984395 0.116102 0.984668 0.118266 0.983584 0.119352 0.984395 0.122391 0.979248 0.123906 0.974365 0.118922 0.977080 0.117188 0.978701 0.116102 0.974365 0.115664 0.972197 0.115016 0.970566 0.108508 0.970840 0.105906 0.970566 0.105906 0.966777 0.103305 0.968672 0.101789 0.964336 0.101133 0.960264
0 0.082703 0.960537 0.081180 0.959180 0.077500 0.957012 0.076844 0.957285 0.077500 0.962168 0.079445 0.965693 0.083570 0.965693 0.085305 0.965957 0.084000 0.960811 0.081836 0.959453
0 0.066867 0.969756 0.068172 0.973818 0.070992 0.975996 0.072508 0.978428 0.070336 0.980059 0.070555 0.982773 0.068391 0.982500 0.068391 0.976807 0.066219 0.973281 0.064484 0.969482
0 0.081398 0.983584 0.084000 0.985752 0.087688 0.985752 0.085523 0.987109 0.082484 0.986836 0.081398 0.985479 0.080969 0.983584
0 0.100484 0.976533 0.095711 0.978975 0.095063 0.981953 0.099617 0.984395 0.101789 0.984395 0.101789 0.981416 0.101570 0.975996
0 0.077930 0.986289 0.084000 0.989551 0.085086 0.991719 0.083789 0.995234 0.082922 0.998496 0.079445 0.997949 0.079016 0.995234 0.079234 0.991445 0.077711 0.989277
0 0.046703 0.983311 0.043883 0.985479 0.041930 0.989551 0.046047 0.995234 0.049523 0.999307 0.049383 1.000000 0.000000 1.000000 0.000000 0.981338 0.013086 0.978428 0.018070 0.974365 0.016125 0.968398 0.019805 0.965420 0.023492 0.964609 0.028914 0.963252 0.031734 0.960537 0.033687 0.956201 0.036289 0.956201 0.039109 0.958916 0.040414 0.960537 0.043883 0.958369 0.046703 0.956475 0.047352 0.951592 0.049523 0.949971 0.066219 0.950508 0.058414 0.955664 0.057328 0.960264 0.052125 0.964336 0.048867 0.968398 0.048656 0.972471 0.048438 0.977344 0.051258 0.977617 0.056461 0.975996 0.059062 0.975996 0.059281 0.980596 0.056242 0.982773 0.051906 0.983037 0.049523 0.983037
0 0.240727 0.908252 0.241008 0.909131 0.242688 0.913682 0.242969 0.917002 0.239609 0.917178 0.238070 0.916133 0.237930 0.912275 0.235406 0.910000 0.238766 0.907383 0.242547 0.907031
0 0.243812 0.905801 0.245766 0.910527 0.246609 0.916309 0.250945 0.919980 0.250812 0.913506 0.249406 0.907900 0.246609 0.903350 0.241852 0.904404
