0 0.503086 0.547178 0.504609 0.547178 0.506992 0.546367 0.508727 0.543389 0.507422 0.541221 0.505039 0.541758 0.502000 0.543115 0.501352 0.545557 0.501352 0.548262
0 0.301570 0.686504 0.304945 0.686738 0.309633 0.686738 0.312070 0.686738 0.313195 0.681816 0.312070 0.680879 0.311133 0.680410 0.309445 0.681582 0.308508 0.682285 0.303258 0.682285 0.301758 0.682285 0.299891 0.682520 0.299141 0.685566
0 0.059031 0.823096 0.062023 0.822393 0.064836 0.821455 0.067273 0.821924 0.068211 0.824736 0.070086 0.824736 0.071398 0.820283 0.068586 0.817939 0.065586 0.816768 0.060898 0.816299 0.058656 0.817939 0.058094 0.820986 0.057719 0.823799
0 0.017039 0.849570 0.017977 0.848164 0.021727 0.848633 0.021914 0.845586 0.021352 0.844180 0.022477 0.842539 0.020977 0.841836 0.018727 0.843242 0.014602 0.842070 0.014789 0.844648 0.014977 0.846758 0.014227 0.848398 0.015914 0.851680
0 0.038969 0.806465 0.040844 0.806465 0.043281 0.807168 0.045156 0.809736 0.046469 0.809502 0.048906 0.806230 0.048906 0.804590 0.047406 0.803184 0.044969 0.803184 0.042344 0.805293 0.038781 0.805293 0.037094 0.805996
0 0.058961 0.794395 0.060367 0.794297 0.063336 0.794395 0.064820 0.794102 0.066383 0.793320 0.067633 0.792539 0.068258 0.789902 0.067242 0.788438 0.064664 0.789023 0.061852 0.789316 0.059664 0.789316 0.058180 0.791172 0.058023 0.792734
0 0.024352 0.812549 0.026977 0.812549 0.030352 0.812314 0.032039 0.811143 0.032602 0.808330 0.029789 0.808330 0.028852 0.809971 0.028102 0.809971 0.023789 0.810439
0 0.002555 0.797520 0.004039 0.797520 0.005680 0.796836 0.006930 0.796738 0.007555 0.796543 0.008258 0.795078 0.007789 0.794004 0.006305 0.793418 0.003570 0.793418 0.001617 0.794883 0.001617 0.796348 0.002008 0.797520
0 0.019555 0.683867 0.024578 0.684072 0.030570 0.683867 0.031383 0.685078 0.032516 0.686504 0.035109 0.686504 0.035430 0.687109 0.034945 0.691162 0.032680 0.691162 0.029766 0.690352 0.023766 0.689541 0.025711 0.687510 0.025711 0.686904 0.020852 0.686299 0.018586 0.685889 0.018422 0.683467
0 0.010164 0.732471 0.009516 0.732471 0.007406 0.732471 0.006594 0.734287 0.007242 0.735508 0.008703 0.736113 0.010320 0.735508 0.011133 0.731855
0 0.008867 0.739150 0.007406 0.739756 0.007891 0.743203 0.008539 0.743604 0.010164 0.743604 0.011781 0.741982 0.010164 0.739961 0.009187 0.739355
0 0.005461 0.744014 0.006109 0.746035 0.006109 0.748467 0.002875 0.749678 0.002063 0.749678 0.001578 0.746240 0.001578 0.743809 0.002875 0.742588 0.004164 0.742588
0 0.000438 0.717480 0.003195 0.717891 0.003516 0.719707 0.002383 0.721738 0.000000 0.722852 0.000000 0.721201
0 0.012266 0.626680 0.011055 0.625625 0.010086 0.625020 0.008758 0.625020 0.007914 0.627588 0.009125 0.629102 0.010937 0.630166 0.013477 0.629102 0.011781 0.627285
0 0.745359 0.781367 0.744188 0.779609 0.743719 0.777949 0.741453 0.777363 0.739812 0.777949 0.739734 0.779316 0.740672 0.780293 0.742547 0.780293 0.743094 0.781563 0.743875 0.784395 0.745672 0.784004 0.745984 0.781953
0 0.008758 0.632432 0.008758 0.633486 0.010211 0.633945 0.011297 0.635000 0.010812 0.636367 0.008273 0.636514 0.007547 0.635303 0.003914 0.636816 0.001016 0.636973 0.000047 0.636973 0.000000 0.636064 0.000000 0.634502 0.001617 0.633486 0.001133 0.631064 0.001984 0.629102 0.002711 0.629561 0.002586 0.631670 0.003195 0.632129 0.004039 0.631221 0.006703 0.630459 0.006945 0.631670 0.007547 0.632275
0 0.016867 0.637871 0.018805 0.637871 0.020617 0.638330 0.021703 0.638936 0.021828 0.639990 0.022070 0.641963 0.021828 0.643477 0.020016 0.644678 0.019531 0.644834 0.018680 0.643779 0.020016 0.641201 0.019406 0.640449 0.017594 0.640146 0.016984 0.639687 0.016984 0.638633 0.016984 0.638174
0 0.747547 0.767451 0.746047 0.767451 0.744547 0.769326 0.744172 0.772607 0.745297 0.773545 0.747547 0.773779 0.749234 0.772842 0.749234 0.770029 0.748484 0.769092
0 0.080016 0.821660 0.080953 0.823223 0.082625 0.824658 0.085766 0.826621 0.087648 0.829629 0.084617 0.828975 0.083461 0.828066 0.079492 0.827803 0.077086 0.826621 0.077086 0.826367 0.076141 0.826367 0.077086 0.823613 0.078758 0.822832
0 0.033586 0.804238 0.030344 0.804238 0.027109 0.803623 0.027430 0.801191 0.028727 0.798154 0.030672 0.797754 0.031805 0.801396 0.033914 0.801807 0.036992 0.801807 0.040391 0.800791 0.041523 0.802002 0.038930 0.802813 0.036359 0.802813 0.035203 0.804434
0 0.038375 0.666592 0.036594 0.666982 0.036391 0.667764 0.034719 0.668164 0.033672 0.668164 0.032836 0.669727 0.033984 0.671035 0.035344 0.671035 0.035969 0.669727 0.036805 0.669990 0.037227 0.671035 0.037641 0.671172 0.038898 0.671172 0.040156 0.669209 0.040156 0.667764
0 0.049281 0.833408 0.052094 0.832236 0.053219 0.828721 0.048344 0.828721 0.048156 0.829658 0.047406 0.833408
0 0.037281 0.844180 0.040656 0.841836 0.040281 0.840430 0.037281 0.840430 0.035789 0.840430 0.033914 0.841602 0.035227 0.844883
0 0.516531 0.556670 0.513711 0.554502 0.512633 0.554502 0.510242 0.555859 0.510898 0.559111 0.512195 0.561279 0.513711 0.562363 0.516750 0.562363 0.518703 0.559648 0.517188 0.556943
0 0.484656 0.527119 0.482484 0.526572 0.480531 0.526309 0.479664 0.529287 0.480312 0.531455 0.482266 0.533086 0.486172 0.533350 0.487687 0.532266 0.487039 0.527666 0.485734 0.526846
0 0.453422 0.513838 0.456680 0.515459 0.459711 0.518447 0.462313 0.520889 0.466000 0.523057 0.467953 0.520889 0.467523 0.517363 0.464703 0.515459 0.461883 0.514111 0.457758 0.511934 0.455375 0.511123 0.453859 0.511123 0.452992 0.512207
0 0.509813 0.549346 0.511977 0.548809 0.513500 0.545557 0.513062 0.544473 0.510680 0.545010 0.509156 0.547725 0.507641 0.549619 0.507859 0.550430 0.510242 0.549893
